date,GLD,SLV,USO,BNO,UNG,DBA,DBB,CPER,PPLT
2015-12-16,0.0,0.0,0.0,0.0,0.0,0.0,0.0,0.0,0.0
2015-12-17,0.0,0.0,0.0,0.0,0.0,0.0,0.0,0.0,0.0
2015-12-18,0.0,0.0,0.0,0.0,0.0,0.0,0.0,0.0,0.0
2015-12-21,0.0,0.0,0.0,0.0,0.0,0.0,0.0,0.0,0.0
2015-12-22,0.0,0.0,0.0,0.0,0.0,0.0,0.0,0.0,0.0
2015-12-23,0.0,0.0,0.0,0.0,0.0,0.0,0.0,0.0,0.0
2015-12-24,0.0,0.0,0.0,0.0,0.0,0.0,0.0,0.0,0.0
2015-12-28,0.0,0.0,0.0,0.0,0.0,0.0,0.0,0.0,0.0
2015-12-29,0.0,0.0,0.0,0.0,0.0,0.0,0.0,0.0,0.0
2015-12-30,0.0,0.0,0.0,0.0,0.0,0.0,0.0,0.0,0.0
2015-12-31,0.0,0.0,0.0,0.0,0.0,0.0,0.0,0.0,0.0
2016-01-04,0.0,0.0,0.0,0.0,0.0,0.0,0.0,0.0,0.0
2016-01-05,0.0,0.0,0.0,0.0,0.0,0.0,0.0,0.0,0.0
2016-01-06,0.0,0.0,0.0,0.0,0.0,0.0,0.0,0.0,0.0
2016-01-07,0.0,0.0,0.0,0.0,0.0,0.0,0.0,0.0,0.0
2016-01-08,0.0,0.0,0.0,0.0,0.0,0.0,0.0,0.0,0.0
2016-01-11,0.0,0.0,0.0,0.0,0.0,0.0,0.0,0.0,0.0
2016-01-12,0.0,0.0,0.0,0.0,0.0,0.0,0.0,0.0,0.0
2016-01-13,0.0,0.0,0.0,0.0,0.0,0.0,0.0,0.0,0.0
2016-01-14,0.0,0.0,0.0,0.0,0.0,0.0,0.0,0.0,0.0
2016-01-15,0.0,0.0,0.0,0.0,0.0,0.0,0.0,0.0,0.0
2016-01-19,0.0,0.0,0.0,0.0,0.0,0.0,0.0,0.0,0.0
2016-01-20,0.0,0.0,0.0,0.0,0.0,0.0,0.0,0.0,0.0
2016-01-21,0.0,0.0,0.0,0.0,0.0,0.0,0.0,0.0,0.0
2016-01-22,0.0,0.0,0.0,0.0,0.0,0.0,0.0,0.0,0.0
2016-01-25,0.0,0.0,0.0,0.0,0.0,0.0,0.0,0.0,0.0
2016-01-26,0.0,0.0,0.0,0.0,0.0,0.0,0.0,0.0,0.0
2016-01-27,0.0,0.0,0.0,0.0,0.0,0.0,0.0,0.0,0.0
2016-01-28,0.0,0.0,0.0,0.0,0.0,0.0,0.0,0.0,0.0
2016-01-29,0.0,0.0,0.0,0.0,0.0,0.0,0.0,0.0,0.0
2016-02-01,0.0,0.0,0.0,0.0,0.0,0.0,0.0,0.0,0.0
2016-02-02,0.0,0.0,0.0,0.0,0.0,0.0,0.0,0.0,0.0
2016-02-03,0.0,0.0,0.0,0.0,0.0,0.0,0.0,0.0,0.0
2016-02-04,0.0,0.0,0.0,0.0,0.0,0.0,0.0,0.0,0.0
2016-02-05,0.0,0.0,0.0,0.0,0.0,0.0,0.0,0.0,0.0
2016-02-08,0.0,0.0,0.0,0.0,0.0,0.0,0.0,0.0,0.0
2016-02-09,0.0,0.0,0.0,0.0,0.0,0.0,0.0,0.0,0.0
2016-02-10,0.0,0.0,0.0,0.0,0.0,0.0,0.0,0.0,0.0
2016-02-11,0.0,0.0,0.0,0.0,0.0,0.0,0.0,0.0,0.0
2016-02-12,0.0,0.0,0.0,0.0,0.0,0.0,0.0,0.0,0.0
2016-02-16,0.0,0.0,0.0,0.0,0.0,0.0,0.0,0.0,0.0
2016-02-17,0.0,0.0,0.0,0.0,0.0,0.0,0.0,0.0,0.0
2016-02-18,0.0,0.0,0.0,0.0,0.0,0.0,0.0,0.0,0.0
2016-02-19,0.0,0.0,0.0,0.0,0.0,0.0,0.0,0.0,0.0
2016-02-22,0.0,0.0,0.0,0.0,0.0,0.0,0.0,0.0,0.0
2016-02-23,0.0,0.0,0.0,0.0,0.0,0.0,0.0,0.0,0.0
2016-02-24,0.0,0.0,0.0,0.0,0.0,0.0,0.0,0.0,0.0
2016-02-25,0.0,0.0,0.0,0.0,0.0,0.0,0.0,0.0,0.0
2016-02-26,0.0,0.0,0.0,0.0,0.0,0.0,0.0,0.0,0.0
2016-02-29,0.0,0.0,0.0,0.0,0.0,0.0,0.0,0.0,0.0
2016-03-01,0.25,0.0,0.0,0.0,0.0,0.0,0.0,0.0,0.0
2016-03-02,0.25,0.0,0.0,0.0,0.0,0.0,0.0,0.0,0.0
2016-03-03,0.25,0.0,0.0,0.0,0.0,0.0,0.0,0.0,0.0
2016-03-04,0.25,0.0,0.0,0.0,0.0,0.0,0.0,0.0,0.0
2016-03-07,0.25,0.0,0.0,0.0,0.0,0.0,0.0,0.0,0.0
2016-03-08,0.25,0.0,0.0,0.0,0.0,0.0,0.0,0.0,0.0
2016-03-09,0.25,0.0,0.0,0.0,0.0,0.0,0.0,0.0,0.0
2016-03-10,0.25,0.0,0.0,0.0,0.0,0.0,0.0,0.0,0.0
2016-03-11,0.25,0.0,0.0,0.0,0.0,0.0,0.0,0.0,0.0
2016-03-14,0.25,0.0,0.0,0.0,0.0,0.0,0.0,0.0,0.0
2016-03-15,0.25,0.0,0.0,0.0,0.0,0.0,0.0,0.0,0.0
2016-03-16,0.25,0.0,0.0,0.0,0.0,0.0,0.0,0.0,0.0
2016-03-17,0.25,0.0,0.0,0.0,0.0,0.0,0.0,0.0,0.0
2016-03-18,0.25,0.0,0.0,0.0,0.0,0.0,0.0,0.0,0.0
2016-03-21,0.25,0.0,0.0,0.0,0.0,0.0,0.0,0.0,0.0
2016-03-22,0.25,0.0,0.0,0.0,0.0,0.0,0.0,0.0,0.0
2016-03-23,0.25,0.0,0.0,0.0,0.0,0.0,0.0,0.0,0.0
2016-03-24,0.25,0.0,0.0,0.0,0.0,0.0,0.0,0.0,0.0
2016-03-28,0.25,0.0,0.0,0.0,0.0,0.0,0.0,0.0,0.0
2016-03-29,0.25,0.0,0.0,0.0,0.0,0.0,0.0,0.0,0.0
2016-03-30,0.25,0.0,0.0,0.0,0.0,0.0,0.0,0.0,0.0
2016-03-31,0.25,0.0,0.0,0.0,0.0,0.0,0.0,0.0,0.0
2016-04-01,0.25,0.0,0.0,0.0,0.0,0.0,0.0,0.0,0.0
2016-04-04,0.25,0.0,0.0,0.0,0.0,0.0,0.0,0.0,0.0
2016-04-05,0.25,0.0,0.0,0.0,0.0,0.0,0.0,0.0,0.0
2016-04-06,0.25,0.0,0.0,0.0,0.0,0.0,0.0,0.0,0.0
2016-04-07,0.25,0.0,0.0,0.0,0.0,0.0,0.0,0.0,0.0
2016-04-08,0.25,0.0,0.0,0.0,0.0,0.0,0.0,0.0,0.0
2016-04-11,0.25,0.0,0.0,0.0,0.0,0.0,0.0,0.0,0.0
2016-04-12,0.25,0.0,0.0,0.0,0.0,0.0,0.0,0.0,0.0
2016-04-13,0.25,0.0,0.0,0.0,0.0,0.0,0.0,0.0,0.0
2016-04-14,0.25,0.0,0.0,0.0,0.0,0.0,0.0,0.0,0.0
2016-04-15,0.25,0.0,0.0,0.0,0.0,0.0,0.0,0.0,0.0
2016-04-18,0.25,0.0,0.0,0.0,0.0,0.0,0.0,0.0,0.0
2016-04-19,0.25,0.0,0.0,0.0,0.0,0.0,0.0,0.0,0.0
2016-04-20,0.25,0.0,0.0,0.0,0.0,0.0,0.0,0.0,0.0
2016-04-21,0.25,0.0,0.0,0.0,0.0,0.0,0.0,0.0,0.0
2016-04-22,0.25,0.0,0.0,0.0,0.0,0.0,0.0,0.0,0.0
2016-04-25,0.25,0.0,0.0,0.0,0.0,0.0,0.0,0.0,0.0
2016-04-26,0.25,0.0,0.0,0.0,0.0,0.0,0.0,0.0,0.0
2016-04-27,0.25,0.0,0.0,0.0,0.0,0.0,0.0,0.0,0.0
2016-04-28,0.25,0.0,0.0,0.0,0.0,0.0,0.0,0.0,0.0
2016-04-29,0.25,0.0,0.0,0.0,0.0,0.0,0.0,0.0,0.0
2016-05-02,0.175,0.175,0.0,0.0,0.0,0.0,0.0,0.0,0.0
2016-05-03,0.175,0.175,0.0,0.0,0.0,0.0,0.0,0.0,0.0
2016-05-04,0.175,0.175,0.0,0.0,0.0,0.0,0.0,0.0,0.0
2016-05-05,0.175,0.175,0.0,0.0,0.0,0.0,0.0,0.0,0.0
2016-05-06,0.175,0.175,0.0,0.0,0.0,0.0,0.0,0.0,0.0
2016-05-09,0.175,0.175,0.0,0.0,0.0,0.0,0.0,0.0,0.0
2016-05-10,0.175,0.175,0.0,0.0,0.0,0.0,0.0,0.0,0.0
2016-05-11,0.175,0.175,0.0,0.0,0.0,0.0,0.0,0.0,0.0
2016-05-12,0.175,0.175,0.0,0.0,0.0,0.0,0.0,0.0,0.0
2016-05-13,0.175,0.175,0.0,0.0,0.0,0.0,0.0,0.0,0.0
2016-05-16,0.175,0.175,0.0,0.0,0.0,0.0,0.0,0.0,0.0
2016-05-17,0.175,0.175,0.0,0.0,0.0,0.0,0.0,0.0,0.0
2016-05-18,0.175,0.175,0.0,0.0,0.0,0.0,0.0,0.0,0.0
2016-05-19,0.175,0.175,0.0,0.0,0.0,0.0,0.0,0.0,0.0
2016-05-20,0.175,0.175,0.0,0.0,0.0,0.0,0.0,0.0,0.0
2016-05-23,0.175,0.175,0.0,0.0,0.0,0.0,0.0,0.0,0.0
2016-05-24,0.175,0.175,0.0,0.0,0.0,0.0,0.0,0.0,0.0
2016-05-25,0.175,0.175,0.0,0.0,0.0,0.0,0.0,0.0,0.0
2016-05-26,0.175,0.175,0.0,0.0,0.0,0.0,0.0,0.0,0.0
2016-05-27,0.175,0.175,0.0,0.0,0.0,0.0,0.0,0.0,0.0
2016-05-31,0.175,0.175,0.0,0.0,0.0,0.0,0.0,0.0,0.0
2016-06-01,0.25,0.0,0.0,0.0,0.0,0.0,0.0,0.0,0.0
2016-06-02,0.25,0.0,0.0,0.0,0.0,0.0,0.0,0.0,0.0
2016-06-03,0.25,0.0,0.0,0.0,0.0,0.0,0.0,0.0,0.0
2016-06-06,0.25,0.0,0.0,0.0,0.0,0.0,0.0,0.0,0.0
2016-06-07,0.25,0.0,0.0,0.0,0.0,0.0,0.0,0.0,0.0
2016-06-08,0.25,0.0,0.0,0.0,0.0,0.0,0.0,0.0,0.0
2016-06-09,0.25,0.0,0.0,0.0,0.0,0.0,0.0,0.0,0.0
2016-06-10,0.25,0.0,0.0,0.0,0.0,0.0,0.0,0.0,0.0
2016-06-13,0.25,0.0,0.0,0.0,0.0,0.0,0.0,0.0,0.0
2016-06-14,0.25,0.0,0.0,0.0,0.0,0.0,0.0,0.0,0.0
2016-06-15,0.25,0.0,0.0,0.0,0.0,0.0,0.0,0.0,0.0
2016-06-16,0.25,0.0,0.0,0.0,0.0,0.0,0.0,0.0,0.0
2016-06-17,0.25,0.0,0.0,0.0,0.0,0.0,0.0,0.0,0.0
2016-06-20,0.25,0.0,0.0,0.0,0.0,0.0,0.0,0.0,0.0
2016-06-21,0.25,0.0,0.0,0.0,0.0,0.0,0.0,0.0,0.0
2016-06-22,0.25,0.0,0.0,0.0,0.0,0.0,0.0,0.0,0.0
2016-06-23,0.25,0.0,0.0,0.0,0.0,0.0,0.0,0.0,0.0
2016-06-24,0.25,0.0,0.0,0.0,0.0,0.0,0.0,0.0,0.0
2016-06-27,0.25,0.0,0.0,0.0,0.0,0.0,0.0,0.0,0.0
2016-06-28,0.25,0.0,0.0,0.0,0.0,0.0,0.0,0.0,0.0
2016-06-29,0.25,0.0,0.0,0.0,0.0,0.0,0.0,0.0,0.0
2016-06-30,0.25,0.0,0.0,0.0,0.0,0.0,0.0,0.0,0.0
2016-07-01,0.175,0.175,0.0,0.0,0.0,0.0,0.0,0.0,0.0
2016-07-05,0.175,0.175,0.0,0.0,0.0,0.0,0.0,0.0,0.0
2016-07-06,0.175,0.175,0.0,0.0,0.0,0.0,0.0,0.0,0.0
2016-07-07,0.175,0.175,0.0,0.0,0.0,0.0,0.0,0.0,0.0
2016-07-08,0.175,0.175,0.0,0.0,0.0,0.0,0.0,0.0,0.0
2016-07-11,0.175,0.175,0.0,0.0,0.0,0.0,0.0,0.0,0.0
2016-07-12,0.175,0.175,0.0,0.0,0.0,0.0,0.0,0.0,0.0
2016-07-13,0.175,0.175,0.0,0.0,0.0,0.0,0.0,0.0,0.0
2016-07-14,0.175,0.175,0.0,0.0,0.0,0.0,0.0,0.0,0.0
2016-07-15,0.175,0.175,0.0,0.0,0.0,0.0,0.0,0.0,0.0
2016-07-18,0.175,0.175,0.0,0.0,0.0,0.0,0.0,0.0,0.0
2016-07-19,0.175,0.175,0.0,0.0,0.0,0.0,0.0,0.0,0.0
2016-07-20,0.175,0.175,0.0,0.0,0.0,0.0,0.0,0.0,0.0
2016-07-21,0.175,0.175,0.0,0.0,0.0,0.0,0.0,0.0,0.0
2016-07-22,0.175,0.175,0.0,0.0,0.0,0.0,0.0,0.0,0.0
2016-07-25,0.175,0.175,0.0,0.0,0.0,0.0,0.0,0.0,0.0
2016-07-26,0.175,0.175,0.0,0.0,0.0,0.0,0.0,0.0,0.0
2016-07-27,0.175,0.175,0.0,0.0,0.0,0.0,0.0,0.0,0.0
2016-07-28,0.175,0.175,0.0,0.0,0.0,0.0,0.0,0.0,0.0
2016-07-29,0.175,0.175,0.0,0.0,0.0,0.0,0.0,0.0,0.0
2016-08-01,0.11666666666666665,0.11666666666666665,0.0,0.0,0.0,0.0,0.25,0.0,0.11666666666666665
2016-08-02,0.11666666666666665,0.11666666666666665,0.0,0.0,0.0,0.0,0.25,0.0,0.11666666666666665
2016-08-03,0.11666666666666665,0.11666666666666665,0.0,0.0,0.0,0.0,0.25,0.0,0.11666666666666665
2016-08-04,0.11666666666666665,0.11666666666666665,0.0,0.0,0.0,0.0,0.25,0.0,0.11666666666666665
2016-08-05,0.11666666666666665,0.11666666666666665,0.0,0.0,0.0,0.0,0.25,0.0,0.11666666666666665
2016-08-08,0.11666666666666665,0.11666666666666665,0.0,0.0,0.0,0.0,0.25,0.0,0.11666666666666665
2016-08-09,0.11666666666666665,0.11666666666666665,0.0,0.0,0.0,0.0,0.25,0.0,0.11666666666666665
2016-08-10,0.11666666666666665,0.11666666666666665,0.0,0.0,0.0,0.0,0.25,0.0,0.11666666666666665
2016-08-11,0.11666666666666665,0.11666666666666665,0.0,0.0,0.0,0.0,0.25,0.0,0.11666666666666665
2016-08-12,0.11666666666666665,0.11666666666666665,0.0,0.0,0.0,0.0,0.25,0.0,0.11666666666666665
2016-08-15,0.11666666666666665,0.11666666666666665,0.0,0.0,0.0,0.0,0.25,0.0,0.11666666666666665
2016-08-16,0.11666666666666665,0.11666666666666665,0.0,0.0,0.0,0.0,0.25,0.0,0.11666666666666665
2016-08-17,0.11666666666666665,0.11666666666666665,0.0,0.0,0.0,0.0,0.25,0.0,0.11666666666666665
2016-08-18,0.11666666666666665,0.11666666666666665,0.0,0.0,0.0,0.0,0.25,0.0,0.11666666666666665
2016-08-19,0.11666666666666665,0.11666666666666665,0.0,0.0,0.0,0.0,0.25,0.0,0.11666666666666665
2016-08-22,0.11666666666666665,0.11666666666666665,0.0,0.0,0.0,0.0,0.25,0.0,0.11666666666666665
2016-08-23,0.11666666666666665,0.11666666666666665,0.0,0.0,0.0,0.0,0.25,0.0,0.11666666666666665
2016-08-24,0.11666666666666665,0.11666666666666665,0.0,0.0,0.0,0.0,0.25,0.0,0.11666666666666665
2016-08-25,0.11666666666666665,0.11666666666666665,0.0,0.0,0.0,0.0,0.25,0.0,0.11666666666666665
2016-08-26,0.11666666666666665,0.11666666666666665,0.0,0.0,0.0,0.0,0.25,0.0,0.11666666666666665
2016-08-29,0.11666666666666665,0.11666666666666665,0.0,0.0,0.0,0.0,0.25,0.0,0.11666666666666665
2016-08-30,0.11666666666666665,0.11666666666666665,0.0,0.0,0.0,0.0,0.25,0.0,0.11666666666666665
2016-08-31,0.11666666666666665,0.11666666666666665,0.0,0.0,0.0,0.0,0.25,0.0,0.11666666666666665
2016-09-01,0.11666666666666665,0.11666666666666665,0.0,0.0,0.0,0.0,0.25,0.0,0.11666666666666665
2016-09-02,0.11666666666666665,0.11666666666666665,0.0,0.0,0.0,0.0,0.25,0.0,0.11666666666666665
2016-09-06,0.11666666666666665,0.11666666666666665,0.0,0.0,0.0,0.0,0.25,0.0,0.11666666666666665
2016-09-07,0.11666666666666665,0.11666666666666665,0.0,0.0,0.0,0.0,0.25,0.0,0.11666666666666665
2016-09-08,0.11666666666666665,0.11666666666666665,0.0,0.0,0.0,0.0,0.25,0.0,0.11666666666666665
2016-09-09,0.11666666666666665,0.11666666666666665,0.0,0.0,0.0,0.0,0.25,0.0,0.11666666666666665
2016-09-12,0.11666666666666665,0.11666666666666665,0.0,0.0,0.0,0.0,0.25,0.0,0.11666666666666665
2016-09-13,0.11666666666666665,0.11666666666666665,0.0,0.0,0.0,0.0,0.25,0.0,0.11666666666666665
2016-09-14,0.11666666666666665,0.11666666666666665,0.0,0.0,0.0,0.0,0.25,0.0,0.11666666666666665
2016-09-15,0.11666666666666665,0.11666666666666665,0.0,0.0,0.0,0.0,0.25,0.0,0.11666666666666665
2016-09-16,0.11666666666666665,0.11666666666666665,0.0,0.0,0.0,0.0,0.25,0.0,0.11666666666666665
2016-09-19,0.11666666666666665,0.11666666666666665,0.0,0.0,0.0,0.0,0.25,0.0,0.11666666666666665
2016-09-20,0.11666666666666665,0.11666666666666665,0.0,0.0,0.0,0.0,0.25,0.0,0.11666666666666665
2016-09-21,0.11666666666666665,0.11666666666666665,0.0,0.0,0.0,0.0,0.25,0.0,0.11666666666666665
2016-09-22,0.11666666666666665,0.11666666666666665,0.0,0.0,0.0,0.0,0.25,0.0,0.11666666666666665
2016-09-23,0.11666666666666665,0.11666666666666665,0.0,0.0,0.0,0.0,0.25,0.0,0.11666666666666665
2016-09-26,0.11666666666666665,0.11666666666666665,0.0,0.0,0.0,0.0,0.25,0.0,0.11666666666666665
2016-09-27,0.11666666666666665,0.11666666666666665,0.0,0.0,0.0,0.0,0.25,0.0,0.11666666666666665
2016-09-28,0.11666666666666665,0.11666666666666665,0.0,0.0,0.0,0.0,0.25,0.0,0.11666666666666665
2016-09-29,0.11666666666666665,0.11666666666666665,0.0,0.0,0.0,0.0,0.25,0.0,0.11666666666666665
2016-09-30,0.11666666666666665,0.11666666666666665,0.0,0.0,0.0,0.0,0.25,0.0,0.11666666666666665
2016-10-03,0.11666666666666665,0.11666666666666665,0.0,0.0,0.0,0.0,0.25,0.0,0.11666666666666665
2016-10-04,0.11666666666666665,0.11666666666666665,0.0,0.0,0.0,0.0,0.25,0.0,0.11666666666666665
2016-10-05,0.11666666666666665,0.11666666666666665,0.0,0.0,0.0,0.0,0.25,0.0,0.11666666666666665
2016-10-06,0.11666666666666665,0.11666666666666665,0.0,0.0,0.0,0.0,0.25,0.0,0.11666666666666665
2016-10-07,0.11666666666666665,0.11666666666666665,0.0,0.0,0.0,0.0,0.25,0.0,0.11666666666666665
2016-10-10,0.11666666666666665,0.11666666666666665,0.0,0.0,0.0,0.0,0.25,0.0,0.11666666666666665
2016-10-11,0.11666666666666665,0.11666666666666665,0.0,0.0,0.0,0.0,0.25,0.0,0.11666666666666665
2016-10-12,0.11666666666666665,0.11666666666666665,0.0,0.0,0.0,0.0,0.25,0.0,0.11666666666666665
2016-10-13,0.11666666666666665,0.11666666666666665,0.0,0.0,0.0,0.0,0.25,0.0,0.11666666666666665
2016-10-14,0.11666666666666665,0.11666666666666665,0.0,0.0,0.0,0.0,0.25,0.0,0.11666666666666665
2016-10-17,0.11666666666666665,0.11666666666666665,0.0,0.0,0.0,0.0,0.25,0.0,0.11666666666666665
2016-10-18,0.11666666666666665,0.11666666666666665,0.0,0.0,0.0,0.0,0.25,0.0,0.11666666666666665
2016-10-19,0.11666666666666665,0.11666666666666665,0.0,0.0,0.0,0.0,0.25,0.0,0.11666666666666665
2016-10-20,0.11666666666666665,0.11666666666666665,0.0,0.0,0.0,0.0,0.25,0.0,0.11666666666666665
2016-10-21,0.11666666666666665,0.11666666666666665,0.0,0.0,0.0,0.0,0.25,0.0,0.11666666666666665
2016-10-24,0.11666666666666665,0.11666666666666665,0.0,0.0,0.0,0.0,0.25,0.0,0.11666666666666665
2016-10-25,0.11666666666666665,0.11666666666666665,0.0,0.0,0.0,0.0,0.25,0.0,0.11666666666666665
2016-10-26,0.11666666666666665,0.11666666666666665,0.0,0.0,0.0,0.0,0.25,0.0,0.11666666666666665
2016-10-27,0.11666666666666665,0.11666666666666665,0.0,0.0,0.0,0.0,0.25,0.0,0.11666666666666665
2016-10-28,0.11666666666666665,0.11666666666666665,0.0,0.0,0.0,0.0,0.25,0.0,0.11666666666666665
2016-10-31,0.11666666666666665,0.11666666666666665,0.0,0.0,0.0,0.0,0.25,0.0,0.11666666666666665
2016-11-01,0.175,0.175,0.0,0.0,0.0,0.0,0.25,0.0,0.0
2016-11-02,0.175,0.175,0.0,0.0,0.0,0.0,0.25,0.0,0.0
2016-11-03,0.175,0.175,0.0,0.0,0.0,0.0,0.25,0.0,0.0
2016-11-04,0.175,0.175,0.0,0.0,0.0,0.0,0.25,0.0,0.0
2016-11-07,0.175,0.175,0.0,0.0,0.0,0.0,0.25,0.0,0.0
2016-11-08,0.175,0.175,0.0,0.0,0.0,0.0,0.25,0.0,0.0
2016-11-09,0.175,0.175,0.0,0.0,0.0,0.0,0.25,0.0,0.0
2016-11-10,0.175,0.175,0.0,0.0,0.0,0.0,0.25,0.0,0.0
2016-11-11,0.175,0.175,0.0,0.0,0.0,0.0,0.25,0.0,0.0
2016-11-14,0.175,0.175,0.0,0.0,0.0,0.0,0.25,0.0,0.0
2016-11-15,0.175,0.175,0.0,0.0,0.0,0.0,0.25,0.0,0.0
2016-11-16,0.175,0.175,0.0,0.0,0.0,0.0,0.25,0.0,0.0
2016-11-17,0.175,0.175,0.0,0.0,0.0,0.0,0.25,0.0,0.0
2016-11-18,0.175,0.175,0.0,0.0,0.0,0.0,0.25,0.0,0.0
2016-11-21,0.175,0.175,0.0,0.0,0.0,0.0,0.25,0.0,0.0
2016-11-22,0.175,0.175,0.0,0.0,0.0,0.0,0.25,0.0,0.0
2016-11-23,0.175,0.175,0.0,0.0,0.0,0.0,0.25,0.0,0.0
2016-11-25,0.175,0.175,0.0,0.0,0.0,0.0,0.25,0.0,0.0
2016-11-28,0.175,0.175,0.0,0.0,0.0,0.0,0.25,0.0,0.0
2016-11-29,0.175,0.175,0.0,0.0,0.0,0.0,0.25,0.0,0.0
2016-11-30,0.175,0.175,0.0,0.0,0.0,0.0,0.25,0.0,0.0
2016-12-01,0.0,0.0,0.0,0.175,0.175,0.0,0.175,0.175,0.0
2016-12-02,0.0,0.0,0.0,0.175,0.175,0.0,0.175,0.175,0.0
2016-12-05,0.0,0.0,0.0,0.175,0.175,0.0,0.175,0.175,0.0
2016-12-06,0.0,0.0,0.0,0.175,0.175,0.0,0.175,0.175,0.0
2016-12-07,0.0,0.0,0.0,0.175,0.175,0.0,0.175,0.175,0.0
2016-12-08,0.0,0.0,0.0,0.175,0.175,0.0,0.175,0.175,0.0
2016-12-09,0.0,0.0,0.0,0.175,0.175,0.0,0.175,0.175,0.0
2016-12-12,0.0,0.0,0.0,0.175,0.175,0.0,0.175,0.175,0.0
2016-12-13,0.0,0.0,0.0,0.175,0.175,0.0,0.175,0.175,0.0
2016-12-14,0.0,0.0,0.0,0.175,0.175,0.0,0.175,0.175,0.0
2016-12-15,0.0,0.0,0.0,0.175,0.175,0.0,0.175,0.175,0.0
2016-12-16,0.0,0.0,0.0,0.175,0.175,0.0,0.175,0.175,0.0
2016-12-19,0.0,0.0,0.0,0.175,0.175,0.0,0.175,0.175,0.0
2016-12-20,0.0,0.0,0.0,0.175,0.175,0.0,0.175,0.175,0.0
2016-12-21,0.0,0.0,0.0,0.175,0.175,0.0,0.175,0.175,0.0
2016-12-22,0.0,0.0,0.0,0.175,0.175,0.0,0.175,0.175,0.0
2016-12-23,0.0,0.0,0.0,0.175,0.175,0.0,0.175,0.175,0.0
2016-12-27,0.0,0.0,0.0,0.175,0.175,0.0,0.175,0.175,0.0
2016-12-28,0.0,0.0,0.0,0.175,0.175,0.0,0.175,0.175,0.0
2016-12-29,0.0,0.0,0.0,0.175,0.175,0.0,0.175,0.175,0.0
2016-12-30,0.0,0.0,0.0,0.175,0.175,0.0,0.175,0.175,0.0
2017-01-03,0.0,0.0,0.13156955558878908,0.13228426255899,0.08614618185222092,0.0,0.175,0.175,0.0
2017-01-04,0.0,0.0,0.13156955558878908,0.13228426255899,0.08614618185222092,0.0,0.175,0.175,0.0
2017-01-05,0.0,0.0,0.13156955558878908,0.13228426255899,0.08614618185222092,0.0,0.175,0.175,0.0
2017-01-06,0.0,0.0,0.13156955558878908,0.13228426255899,0.08614618185222092,0.0,0.175,0.175,0.0
2017-01-09,0.0,0.0,0.13156955558878908,0.13228426255899,0.08614618185222092,0.0,0.175,0.175,0.0
2017-01-10,0.0,0.0,0.13156955558878908,0.13228426255899,0.08614618185222092,0.0,0.175,0.175,0.0
2017-01-11,0.0,0.0,0.13156955558878908,0.13228426255899,0.08614618185222092,0.0,0.175,0.175,0.0
2017-01-12,0.0,0.0,0.13156955558878908,0.13228426255899,0.08614618185222092,0.0,0.175,0.175,0.0
2017-01-13,0.0,0.0,0.13156955558878908,0.13228426255899,0.08614618185222092,0.0,0.175,0.175,0.0
2017-01-17,0.0,0.0,0.13156955558878908,0.13228426255899,0.08614618185222092,0.0,0.175,0.175,0.0
2017-01-18,0.0,0.0,0.13156955558878908,0.13228426255899,0.08614618185222092,0.0,0.175,0.175,0.0
2017-01-19,0.0,0.0,0.13156955558878908,0.13228426255899,0.08614618185222092,0.0,0.175,0.175,0.0
2017-01-20,0.0,0.0,0.13156955558878908,0.13228426255899,0.08614618185222092,0.0,0.175,0.175,0.0
2017-01-23,0.0,0.0,0.13156955558878908,0.13228426255899,0.08614618185222092,0.0,0.175,0.175,0.0
2017-01-24,0.0,0.0,0.13156955558878908,0.13228426255899,0.08614618185222092,0.0,0.175,0.175,0.0
2017-01-25,0.0,0.0,0.13156955558878908,0.13228426255899,0.08614618185222092,0.0,0.175,0.175,0.0
2017-01-26,0.0,0.0,0.13156955558878908,0.13228426255899,0.08614618185222092,0.0,0.175,0.175,0.0
2017-01-27,0.0,0.0,0.13156955558878908,0.13228426255899,0.08614618185222092,0.0,0.175,0.175,0.0
2017-01-30,0.0,0.0,0.13156955558878908,0.13228426255899,0.08614618185222092,0.0,0.175,0.175,0.0
2017-01-31,0.0,0.0,0.13156955558878908,0.13228426255899,0.08614618185222092,0.0,0.175,0.175,0.0
2017-02-01,0.0,0.0,0.175,0.175,0.0,0.0,0.175,0.175,0.0
2017-02-02,0.0,0.0,0.175,0.175,0.0,0.0,0.175,0.175,0.0
2017-02-03,0.0,0.0,0.175,0.175,0.0,0.0,0.175,0.175,0.0
2017-02-06,0.0,0.0,0.175,0.175,0.0,0.0,0.175,0.175,0.0
2017-02-07,0.0,0.0,0.175,0.175,0.0,0.0,0.175,0.175,0.0
2017-02-08,0.0,0.0,0.175,0.175,0.0,0.0,0.175,0.175,0.0
2017-02-09,0.0,0.0,0.175,0.175,0.0,0.0,0.175,0.175,0.0
2017-02-10,0.0,0.0,0.175,0.175,0.0,0.0,0.175,0.175,0.0
2017-02-13,0.0,0.0,0.175,0.175,0.0,0.0,0.175,0.175,0.0
2017-02-14,0.0,0.0,0.175,0.175,0.0,0.0,0.175,0.175,0.0
2017-02-15,0.0,0.0,0.175,0.175,0.0,0.0,0.175,0.175,0.0
2017-02-16,0.0,0.0,0.175,0.175,0.0,0.0,0.175,0.175,0.0
2017-02-17,0.0,0.0,0.175,0.175,0.0,0.0,0.175,0.175,0.0
2017-02-21,0.0,0.0,0.175,0.175,0.0,0.0,0.175,0.175,0.0
2017-02-22,0.0,0.0,0.175,0.175,0.0,0.0,0.175,0.175,0.0
2017-02-23,0.0,0.0,0.175,0.175,0.0,0.0,0.175,0.175,0.0
2017-02-24,0.0,0.0,0.175,0.175,0.0,0.0,0.175,0.175,0.0
2017-02-27,0.0,0.0,0.175,0.175,0.0,0.0,0.175,0.175,0.0
2017-02-28,0.0,0.0,0.175,0.175,0.0,0.0,0.175,0.175,0.0
2017-03-01,0.0,0.0,0.175,0.175,0.0,0.0,0.175,0.175,0.0
2017-03-02,0.0,0.0,0.175,0.175,0.0,0.0,0.175,0.175,0.0
2017-03-03,0.0,0.0,0.175,0.175,0.0,0.0,0.175,0.175,0.0
2017-03-06,0.0,0.0,0.175,0.175,0.0,0.0,0.175,0.175,0.0
2017-03-07,0.0,0.0,0.175,0.175,0.0,0.0,0.175,0.175,0.0
2017-03-08,0.0,0.0,0.175,0.175,0.0,0.0,0.175,0.175,0.0
2017-03-09,0.0,0.0,0.175,0.175,0.0,0.0,0.175,0.175,0.0
2017-03-10,0.0,0.0,0.175,0.175,0.0,0.0,0.175,0.175,0.0
2017-03-13,0.0,0.0,0.175,0.175,0.0,0.0,0.175,0.175,0.0
2017-03-14,0.0,0.0,0.175,0.175,0.0,0.0,0.175,0.175,0.0
2017-03-15,0.0,0.0,0.175,0.175,0.0,0.0,0.175,0.175,0.0
2017-03-16,0.0,0.0,0.175,0.175,0.0,0.0,0.175,0.175,0.0
2017-03-17,0.0,0.0,0.175,0.175,0.0,0.0,0.175,0.175,0.0
2017-03-20,0.0,0.0,0.175,0.175,0.0,0.0,0.175,0.175,0.0
2017-03-21,0.0,0.0,0.175,0.175,0.0,0.0,0.175,0.175,0.0
2017-03-22,0.0,0.0,0.175,0.175,0.0,0.0,0.175,0.175,0.0
2017-03-23,0.0,0.0,0.175,0.175,0.0,0.0,0.175,0.175,0.0
2017-03-24,0.0,0.0,0.175,0.175,0.0,0.0,0.175,0.175,0.0
2017-03-27,0.0,0.0,0.175,0.175,0.0,0.0,0.175,0.175,0.0
2017-03-28,0.0,0.0,0.175,0.175,0.0,0.0,0.175,0.175,0.0
2017-03-29,0.0,0.0,0.175,0.175,0.0,0.0,0.175,0.175,0.0
2017-03-30,0.0,0.0,0.175,0.175,0.0,0.0,0.175,0.175,0.0
2017-03-31,0.0,0.0,0.175,0.175,0.0,0.0,0.175,0.175,0.0
2017-04-03,0.0,0.0,0.0,0.0,0.0,0.0,0.175,0.175,0.0
2017-04-04,0.0,0.0,0.0,0.0,0.0,0.0,0.175,0.175,0.0
2017-04-05,0.0,0.0,0.0,0.0,0.0,0.0,0.175,0.175,0.0
2017-04-06,0.0,0.0,0.0,0.0,0.0,0.0,0.175,0.175,0.0
2017-04-07,0.0,0.0,0.0,0.0,0.0,0.0,0.175,0.175,0.0
2017-04-10,0.0,0.0,0.0,0.0,0.0,0.0,0.175,0.175,0.0
2017-04-11,0.0,0.0,0.0,0.0,0.0,0.0,0.175,0.175,0.0
2017-04-12,0.0,0.0,0.0,0.0,0.0,0.0,0.175,0.175,0.0
2017-04-13,0.0,0.0,0.0,0.0,0.0,0.0,0.175,0.175,0.0
2017-04-17,0.175,0.175,0.0,0.0,0.0,0.0,0.175,0.175,0.0
2017-04-18,0.175,0.175,0.0,0.0,0.0,0.0,0.175,0.175,0.0
2017-04-19,0.175,0.175,0.0,0.0,0.0,0.0,0.175,0.175,0.0
2017-04-20,0.175,0.175,0.0,0.0,0.0,0.0,0.175,0.175,0.0
2017-04-21,0.175,0.175,0.0,0.0,0.0,0.0,0.175,0.175,0.0
2017-04-24,0.175,0.175,0.0,0.0,0.0,0.0,0.175,0.175,0.0
2017-04-25,0.175,0.175,0.0,0.0,0.0,0.0,0.175,0.175,0.0
2017-04-26,0.175,0.175,0.0,0.0,0.0,0.0,0.175,0.175,0.0
2017-04-27,0.175,0.175,0.0,0.0,0.0,0.0,0.175,0.175,0.0
2017-04-28,0.175,0.175,0.0,0.0,0.0,0.0,0.175,0.175,0.0
2017-05-01,0.0,0.0,0.0,0.0,0.0,0.0,0.175,0.175,0.0
2017-05-02,0.0,0.0,0.0,0.0,0.0,0.0,0.175,0.175,0.0
2017-05-03,0.0,0.0,0.0,0.0,0.0,0.0,0.175,0.175,0.0
2017-05-04,0.0,0.0,0.0,0.0,0.0,0.0,0.175,0.175,0.0
2017-05-05,0.0,0.0,0.0,0.0,0.0,0.0,0.175,0.175,0.0
2017-05-08,0.0,0.0,0.0,0.0,0.0,0.0,0.175,0.175,0.0
2017-05-09,0.0,0.0,0.0,0.0,0.0,0.0,0.175,0.175,0.0
2017-05-10,0.0,0.0,0.0,0.0,0.0,0.0,0.175,0.175,0.0
2017-05-11,0.0,0.0,0.0,0.0,0.0,0.0,0.175,0.175,0.0
2017-05-12,0.0,0.0,0.0,0.0,0.0,0.0,0.175,0.175,0.0
2017-05-15,0.0,0.0,0.0,0.0,0.0,0.0,0.175,0.175,0.0
2017-05-16,0.0,0.0,0.0,0.0,0.0,0.0,0.175,0.175,0.0
2017-05-17,0.0,0.0,0.0,0.0,0.0,0.0,0.175,0.175,0.0
2017-05-18,0.0,0.0,0.0,0.0,0.0,0.0,0.175,0.175,0.0
2017-05-19,0.0,0.0,0.0,0.0,0.0,0.0,0.175,0.175,0.0
2017-05-22,0.0,0.0,0.0,0.0,0.0,0.0,0.175,0.175,0.0
2017-05-23,0.0,0.0,0.0,0.0,0.0,0.0,0.175,0.175,0.0
2017-05-24,0.0,0.0,0.0,0.0,0.0,0.0,0.175,0.175,0.0
2017-05-25,0.0,0.0,0.0,0.0,0.0,0.0,0.175,0.175,0.0
2017-05-26,0.0,0.0,0.0,0.0,0.0,0.0,0.175,0.175,0.0
2017-05-30,0.0,0.0,0.0,0.0,0.0,0.0,0.175,0.175,0.0
2017-05-31,0.0,0.0,0.0,0.0,0.0,0.0,0.175,0.175,0.0
2017-06-01,0.25,0.0,0.0,0.0,0.0,0.0,0.25,0.0,0.0
2017-06-02,0.25,0.0,0.0,0.0,0.0,0.0,0.25,0.0,0.0
2017-06-05,0.25,0.0,0.0,0.0,0.0,0.0,0.25,0.0,0.0
2017-06-06,0.25,0.0,0.0,0.0,0.0,0.0,0.25,0.0,0.0
2017-06-07,0.25,0.0,0.0,0.0,0.0,0.0,0.25,0.0,0.0
2017-06-08,0.25,0.0,0.0,0.0,0.0,0.0,0.25,0.0,0.0
2017-06-09,0.25,0.0,0.0,0.0,0.0,0.0,0.25,0.0,0.0
2017-06-12,0.25,0.0,0.0,0.0,0.0,0.0,0.25,0.0,0.0
2017-06-13,0.25,0.0,0.0,0.0,0.0,0.0,0.25,0.0,0.0
2017-06-14,0.25,0.0,0.0,0.0,0.0,0.0,0.25,0.0,0.0
2017-06-15,0.25,0.0,0.0,0.0,0.0,0.0,0.25,0.0,0.0
2017-06-16,0.25,0.0,0.0,0.0,0.0,0.0,0.25,0.0,0.0
2017-06-19,0.25,0.0,0.0,0.0,0.0,0.0,0.25,0.0,0.0
2017-06-20,0.25,0.0,0.0,0.0,0.0,0.0,0.25,0.0,0.0
2017-06-21,0.25,0.0,0.0,0.0,0.0,0.0,0.25,0.0,0.0
2017-06-22,0.25,0.0,0.0,0.0,0.0,0.0,0.25,0.0,0.0
2017-06-23,0.25,0.0,0.0,0.0,0.0,0.0,0.25,0.0,0.0
2017-06-26,0.25,0.0,0.0,0.0,0.0,0.0,0.25,0.0,0.0
2017-06-27,0.25,0.0,0.0,0.0,0.0,0.0,0.25,0.0,0.0
2017-06-28,0.25,0.0,0.0,0.0,0.0,0.0,0.25,0.0,0.0
2017-06-29,0.25,0.0,0.0,0.0,0.0,0.0,0.25,0.0,0.0
2017-06-30,0.25,0.0,0.0,0.0,0.0,0.0,0.25,0.0,0.0
2017-07-03,0.0,0.0,0.0,0.0,0.0,0.25,0.175,0.175,0.0
2017-07-05,0.0,0.0,0.0,0.0,0.0,0.25,0.175,0.175,0.0
2017-07-06,0.0,0.0,0.0,0.0,0.0,0.25,0.175,0.175,0.0
2017-07-07,0.0,0.0,0.0,0.0,0.0,0.25,0.175,0.175,0.0
2017-07-10,0.0,0.0,0.0,0.0,0.0,0.25,0.175,0.175,0.0
2017-07-11,0.0,0.0,0.0,0.0,0.0,0.25,0.175,0.175,0.0
2017-07-12,0.0,0.0,0.0,0.0,0.0,0.25,0.175,0.175,0.0
2017-07-13,0.0,0.0,0.0,0.0,0.0,0.25,0.175,0.175,0.0
2017-07-14,0.0,0.0,0.0,0.0,0.0,0.25,0.175,0.175,0.0
2017-07-17,0.0,0.0,0.0,0.0,0.0,0.25,0.175,0.175,0.0
2017-07-18,0.0,0.0,0.0,0.0,0.0,0.25,0.175,0.175,0.0
2017-07-19,0.0,0.0,0.0,0.0,0.0,0.25,0.175,0.175,0.0
2017-07-20,0.0,0.0,0.0,0.0,0.0,0.25,0.175,0.175,0.0
2017-07-21,0.0,0.0,0.0,0.0,0.0,0.25,0.175,0.175,0.0
2017-07-24,0.0,0.0,0.0,0.0,0.0,0.25,0.175,0.175,0.0
2017-07-25,0.0,0.0,0.0,0.0,0.0,0.25,0.175,0.175,0.0
2017-07-26,0.0,0.0,0.0,0.0,0.0,0.25,0.175,0.175,0.0
2017-07-27,0.0,0.0,0.0,0.0,0.0,0.25,0.175,0.175,0.0
2017-07-28,0.0,0.0,0.0,0.0,0.0,0.25,0.175,0.175,0.0
2017-07-31,0.0,0.0,0.0,0.0,0.0,0.25,0.175,0.175,0.0
2017-08-01,0.25,0.0,0.0,0.0,0.0,0.0,0.175,0.175,0.0
2017-08-02,0.25,0.0,0.0,0.0,0.0,0.0,0.175,0.175,0.0
2017-08-03,0.25,0.0,0.0,0.0,0.0,0.0,0.175,0.175,0.0
2017-08-04,0.25,0.0,0.0,0.0,0.0,0.0,0.175,0.175,0.0
2017-08-07,0.25,0.0,0.0,0.0,0.0,0.0,0.175,0.175,0.0
2017-08-08,0.25,0.0,0.0,0.0,0.0,0.0,0.175,0.175,0.0
2017-08-09,0.25,0.0,0.0,0.0,0.0,0.0,0.175,0.175,0.0
2017-08-10,0.25,0.0,0.0,0.0,0.0,0.0,0.175,0.175,0.0
2017-08-11,0.25,0.0,0.0,0.0,0.0,0.0,0.175,0.175,0.0
2017-08-14,0.25,0.0,0.0,0.0,0.0,0.0,0.175,0.175,0.0
2017-08-15,0.25,0.0,0.0,0.0,0.0,0.0,0.175,0.175,0.0
2017-08-16,0.25,0.0,0.0,0.0,0.0,0.0,0.175,0.175,0.0
2017-08-17,0.25,0.0,0.0,0.0,0.0,0.0,0.175,0.175,0.0
2017-08-18,0.25,0.0,0.0,0.0,0.0,0.0,0.175,0.175,0.0
2017-08-21,0.25,0.0,0.0,0.0,0.0,0.0,0.175,0.175,0.0
2017-08-22,0.25,0.0,0.0,0.0,0.0,0.0,0.175,0.175,0.0
2017-08-23,0.25,0.0,0.0,0.0,0.0,0.0,0.175,0.175,0.0
2017-08-24,0.25,0.0,0.0,0.0,0.0,0.0,0.175,0.175,0.0
2017-08-25,0.25,0.0,0.0,0.0,0.0,0.0,0.175,0.175,0.0
2017-08-28,0.25,0.0,0.0,0.0,0.0,0.0,0.175,0.175,0.0
2017-08-29,0.25,0.0,0.0,0.0,0.0,0.0,0.175,0.175,0.0
2017-08-30,0.25,0.0,0.0,0.0,0.0,0.0,0.175,0.175,0.0
2017-08-31,0.25,0.0,0.0,0.0,0.0,0.0,0.175,0.175,0.0
2017-09-01,0.175,0.0,0.0,0.0,0.0,0.0,0.175,0.175,0.175
2017-09-05,0.175,0.0,0.0,0.0,0.0,0.0,0.175,0.175,0.175
2017-09-06,0.175,0.0,0.0,0.0,0.0,0.0,0.175,0.175,0.175
2017-09-07,0.175,0.0,0.0,0.0,0.0,0.0,0.175,0.175,0.175
2017-09-08,0.175,0.0,0.0,0.0,0.0,0.0,0.175,0.175,0.175
2017-09-11,0.175,0.0,0.0,0.0,0.0,0.0,0.175,0.175,0.175
2017-09-12,0.175,0.0,0.0,0.0,0.0,0.0,0.175,0.175,0.175
2017-09-13,0.175,0.0,0.0,0.0,0.0,0.0,0.175,0.175,0.175
2017-09-14,0.175,0.0,0.0,0.0,0.0,0.0,0.175,0.175,0.175
2017-09-15,0.175,0.0,0.0,0.0,0.0,0.0,0.175,0.175,0.175
2017-09-18,0.175,0.0,0.0,0.0,0.0,0.0,0.175,0.175,0.175
2017-09-19,0.175,0.0,0.0,0.0,0.0,0.0,0.175,0.175,0.175
2017-09-20,0.175,0.0,0.0,0.0,0.0,0.0,0.175,0.175,0.175
2017-09-21,0.175,0.0,0.0,0.0,0.0,0.0,0.175,0.175,0.175
2017-09-22,0.175,0.0,0.0,0.0,0.0,0.0,0.175,0.175,0.175
2017-09-25,0.175,0.0,0.0,0.0,0.0,0.0,0.175,0.175,0.175
2017-09-26,0.175,0.0,0.0,0.0,0.0,0.0,0.175,0.175,0.175
2017-09-27,0.175,0.0,0.0,0.0,0.0,0.0,0.175,0.175,0.175
2017-09-28,0.175,0.0,0.0,0.0,0.0,0.0,0.175,0.175,0.175
2017-09-29,0.175,0.0,0.0,0.0,0.0,0.0,0.175,0.175,0.175
2017-10-02,0.25,0.0,0.0,0.25,0.0,0.0,0.175,0.175,0.0
2017-10-03,0.25,0.0,0.0,0.25,0.0,0.0,0.175,0.175,0.0
2017-10-04,0.25,0.0,0.0,0.25,0.0,0.0,0.175,0.175,0.0
2017-10-05,0.25,0.0,0.0,0.25,0.0,0.0,0.175,0.175,0.0
2017-10-06,0.25,0.0,0.0,0.25,0.0,0.0,0.175,0.175,0.0
2017-10-09,0.25,0.0,0.0,0.25,0.0,0.0,0.175,0.175,0.0
2017-10-10,0.25,0.0,0.0,0.25,0.0,0.0,0.175,0.175,0.0
2017-10-11,0.25,0.0,0.0,0.25,0.0,0.0,0.175,0.175,0.0
2017-10-12,0.25,0.0,0.0,0.25,0.0,0.0,0.175,0.175,0.0
2017-10-13,0.25,0.0,0.0,0.25,0.0,0.0,0.175,0.175,0.0
2017-10-16,0.25,0.0,0.0,0.25,0.0,0.0,0.175,0.175,0.0
2017-10-17,0.25,0.0,0.0,0.25,0.0,0.0,0.175,0.175,0.0
2017-10-18,0.25,0.0,0.0,0.25,0.0,0.0,0.175,0.175,0.0
2017-10-19,0.25,0.0,0.0,0.25,0.0,0.0,0.175,0.175,0.0
2017-10-20,0.25,0.0,0.0,0.25,0.0,0.0,0.175,0.175,0.0
2017-10-23,0.25,0.0,0.0,0.25,0.0,0.0,0.175,0.175,0.0
2017-10-24,0.25,0.0,0.0,0.25,0.0,0.0,0.175,0.175,0.0
2017-10-25,0.25,0.0,0.0,0.25,0.0,0.0,0.175,0.175,0.0
2017-10-26,0.25,0.0,0.0,0.25,0.0,0.0,0.175,0.175,0.0
2017-10-27,0.25,0.0,0.0,0.25,0.0,0.0,0.175,0.175,0.0
2017-10-30,0.25,0.0,0.0,0.25,0.0,0.0,0.175,0.175,0.0
2017-10-31,0.25,0.0,0.0,0.25,0.0,0.0,0.175,0.175,0.0
2017-11-01,0.25,0.0,0.15818270416540292,0.16392292899646546,0.0,0.0,0.1837357443861136,0.16626425561388636,0.0
2017-11-02,0.25,0.0,0.15818270416540292,0.16392292899646546,0.0,0.0,0.1837357443861136,0.16626425561388636,0.0
2017-11-03,0.25,0.0,0.15818270416540292,0.16392292899646546,0.0,0.0,0.1837357443861136,0.16626425561388636,0.0
2017-11-06,0.25,0.0,0.15818270416540292,0.16392292899646546,0.0,0.0,0.1837357443861136,0.16626425561388636,0.0
2017-11-07,0.25,0.0,0.15818270416540292,0.16392292899646546,0.0,0.0,0.1837357443861136,0.16626425561388636,0.0
2017-11-08,0.25,0.0,0.15818270416540292,0.16392292899646546,0.0,0.0,0.1837357443861136,0.16626425561388636,0.0
2017-11-09,0.25,0.0,0.15818270416540292,0.16392292899646546,0.0,0.0,0.1837357443861136,0.16626425561388636,0.0
2017-11-10,0.25,0.0,0.15818270416540292,0.16392292899646546,0.0,0.0,0.1837357443861136,0.16626425561388636,0.0
2017-11-13,0.25,0.0,0.15818270416540292,0.16392292899646546,0.0,0.0,0.1837357443861136,0.16626425561388636,0.0
2017-11-14,0.25,0.0,0.15818270416540292,0.16392292899646546,0.0,0.0,0.1837357443861136,0.16626425561388636,0.0
2017-11-15,0.25,0.0,0.15818270416540292,0.16392292899646546,0.0,0.0,0.1837357443861136,0.16626425561388636,0.0
2017-11-16,0.25,0.0,0.15818270416540292,0.16392292899646546,0.0,0.0,0.1837357443861136,0.16626425561388636,0.0
2017-11-17,0.25,0.0,0.15818270416540292,0.16392292899646546,0.0,0.0,0.1837357443861136,0.16626425561388636,0.0
2017-11-20,0.25,0.0,0.15818270416540292,0.16392292899646546,0.0,0.0,0.1837357443861136,0.16626425561388636,0.0
2017-11-21,0.25,0.0,0.15818270416540292,0.16392292899646546,0.0,0.0,0.1837357443861136,0.16626425561388636,0.0
2017-11-22,0.25,0.0,0.15818270416540292,0.16392292899646546,0.0,0.0,0.1837357443861136,0.16626425561388636,0.0
2017-11-24,0.25,0.0,0.15818270416540292,0.16392292899646546,0.0,0.0,0.1837357443861136,0.16626425561388636,0.0
2017-11-27,0.25,0.0,0.15818270416540292,0.16392292899646546,0.0,0.0,0.1837357443861136,0.16626425561388636,0.0
2017-11-28,0.25,0.0,0.15818270416540292,0.16392292899646546,0.0,0.0,0.1837357443861136,0.16626425561388636,0.0
2017-11-29,0.25,0.0,0.15818270416540292,0.16392292899646546,0.0,0.0,0.1837357443861136,0.16626425561388636,0.0
2017-11-30,0.25,0.0,0.15818270416540292,0.16392292899646546,0.0,0.0,0.1837357443861136,0.16626425561388636,0.0
2017-12-01,0.0,0.0,0.175,0.175,0.0,0.0,0.175,0.175,0.0
2017-12-04,0.0,0.0,0.175,0.175,0.0,0.0,0.175,0.175,0.0
2017-12-05,0.0,0.0,0.175,0.175,0.0,0.0,0.175,0.175,0.0
2017-12-06,0.0,0.0,0.175,0.175,0.0,0.0,0.175,0.175,0.0
2017-12-07,0.0,0.0,0.175,0.175,0.0,0.0,0.175,0.175,0.0
2017-12-08,0.0,0.0,0.175,0.175,0.0,0.0,0.175,0.175,0.0
2017-12-11,0.0,0.0,0.175,0.175,0.0,0.0,0.175,0.175,0.0
2017-12-12,0.0,0.0,0.175,0.175,0.0,0.0,0.175,0.175,0.0
2017-12-13,0.0,0.0,0.175,0.175,0.0,0.0,0.175,0.175,0.0
2017-12-14,0.0,0.0,0.175,0.175,0.0,0.0,0.175,0.175,0.0
2017-12-15,0.0,0.0,0.175,0.175,0.0,0.0,0.175,0.175,0.0
2017-12-18,0.0,0.0,0.175,0.175,0.0,0.0,0.175,0.175,0.0
2017-12-19,0.0,0.0,0.175,0.175,0.0,0.0,0.175,0.175,0.0
2017-12-20,0.0,0.0,0.175,0.175,0.0,0.0,0.175,0.175,0.0
2017-12-21,0.0,0.0,0.175,0.175,0.0,0.0,0.175,0.175,0.0
2017-12-22,0.0,0.0,0.175,0.175,0.0,0.0,0.175,0.175,0.0
2017-12-26,0.0,0.0,0.175,0.175,0.0,0.0,0.175,0.175,0.0
2017-12-27,0.0,0.0,0.175,0.175,0.0,0.0,0.175,0.175,0.0
2017-12-28,0.0,0.0,0.175,0.175,0.0,0.0,0.175,0.175,0.0
2017-12-29,0.0,0.0,0.175,0.175,0.0,0.0,0.175,0.175,0.0
2018-01-02,0.25,0.0,0.16627998345902925,0.1631544390664855,0.0,0.0,0.2035324774001645,0.14646752259983553,0.0
2018-01-03,0.25,0.0,0.16627998345902925,0.1631544390664855,0.0,0.0,0.2035324774001645,0.14646752259983553,0.0
2018-01-04,0.25,0.0,0.16627998345902925,0.1631544390664855,0.0,0.0,0.2035324774001645,0.14646752259983553,0.0
2018-01-05,0.25,0.0,0.16627998345902925,0.1631544390664855,0.0,0.0,0.2035324774001645,0.14646752259983553,0.0
2018-01-08,0.25,0.0,0.16627998345902925,0.1631544390664855,0.0,0.0,0.2035324774001645,0.14646752259983553,0.0
2018-01-09,0.25,0.0,0.16627998345902925,0.1631544390664855,0.0,0.0,0.2035324774001645,0.14646752259983553,0.0
2018-01-10,0.25,0.0,0.16627998345902925,0.1631544390664855,0.0,0.0,0.2035324774001645,0.14646752259983553,0.0
2018-01-11,0.25,0.0,0.16627998345902925,0.1631544390664855,0.0,0.0,0.2035324774001645,0.14646752259983553,0.0
2018-01-12,0.25,0.0,0.16627998345902925,0.1631544390664855,0.0,0.0,0.2035324774001645,0.14646752259983553,0.0
2018-01-16,0.25,0.0,0.16627998345902925,0.1631544390664855,0.0,0.0,0.2035324774001645,0.14646752259983553,0.0
2018-01-17,0.25,0.0,0.16627998345902925,0.1631544390664855,0.0,0.0,0.2035324774001645,0.14646752259983553,0.0
2018-01-18,0.25,0.0,0.16627998345902925,0.1631544390664855,0.0,0.0,0.2035324774001645,0.14646752259983553,0.0
2018-01-19,0.25,0.0,0.16627998345902925,0.1631544390664855,0.0,0.0,0.2035324774001645,0.14646752259983553,0.0
2018-01-22,0.25,0.0,0.16627998345902925,0.1631544390664855,0.0,0.0,0.2035324774001645,0.14646752259983553,0.0
2018-01-23,0.25,0.0,0.16627998345902925,0.1631544390664855,0.0,0.0,0.2035324774001645,0.14646752259983553,0.0
2018-01-24,0.25,0.0,0.16627998345902925,0.1631544390664855,0.0,0.0,0.2035324774001645,0.14646752259983553,0.0
2018-01-25,0.25,0.0,0.16627998345902925,0.1631544390664855,0.0,0.0,0.2035324774001645,0.14646752259983553,0.0
2018-01-26,0.25,0.0,0.16627998345902925,0.1631544390664855,0.0,0.0,0.2035324774001645,0.14646752259983553,0.0
2018-01-29,0.25,0.0,0.16627998345902925,0.1631544390664855,0.0,0.0,0.2035324774001645,0.14646752259983553,0.0
2018-01-30,0.25,0.0,0.16627998345902925,0.1631544390664855,0.0,0.0,0.2035324774001645,0.14646752259983553,0.0
2018-01-31,0.25,0.0,0.16627998345902925,0.1631544390664855,0.0,0.0,0.2035324774001645,0.14646752259983553,0.0
2018-02-01,0.25,0.0,0.16742655419421265,0.17203459052700384,0.0,0.0,0.20176760360057439,0.1482323963994256,0.0
2018-02-02,0.25,0.0,0.16742655419421265,0.17203459052700384,0.0,0.0,0.20176760360057439,0.1482323963994256,0.0
2018-02-05,0.25,0.0,0.16742655419421265,0.17203459052700384,0.0,0.0,0.20176760360057439,0.1482323963994256,0.0
2018-02-06,0.25,0.0,0.16742655419421265,0.17203459052700384,0.0,0.0,0.20176760360057439,0.1482323963994256,0.0
2018-02-07,0.25,0.0,0.16742655419421265,0.17203459052700384,0.0,0.0,0.20176760360057439,0.1482323963994256,0.0
2018-02-08,0.25,0.0,0.16742655419421265,0.17203459052700384,0.0,0.0,0.20176760360057439,0.1482323963994256,0.0
2018-02-09,0.25,0.0,0.16742655419421265,0.17203459052700384,0.0,0.0,0.20176760360057439,0.1482323963994256,0.0
2018-02-12,0.25,0.0,0.16742655419421265,0.17203459052700384,0.0,0.0,0.20176760360057439,0.1482323963994256,0.0
2018-02-13,0.25,0.0,0.16742655419421265,0.17203459052700384,0.0,0.0,0.20176760360057439,0.1482323963994256,0.0
2018-02-14,0.25,0.0,0.16742655419421265,0.17203459052700384,0.0,0.0,0.20176760360057439,0.1482323963994256,0.0
2018-02-15,0.25,0.0,0.16742655419421265,0.17203459052700384,0.0,0.0,0.20176760360057439,0.1482323963994256,0.0
2018-02-16,0.25,0.0,0.16742655419421265,0.17203459052700384,0.0,0.0,0.20176760360057439,0.1482323963994256,0.0
2018-02-20,0.25,0.0,0.16742655419421265,0.17203459052700384,0.0,0.0,0.20176760360057439,0.1482323963994256,0.0
2018-02-21,0.25,0.0,0.16742655419421265,0.17203459052700384,0.0,0.0,0.20176760360057439,0.1482323963994256,0.0
2018-02-22,0.25,0.0,0.16742655419421265,0.17203459052700384,0.0,0.0,0.20176760360057439,0.1482323963994256,0.0
2018-02-23,0.25,0.0,0.16742655419421265,0.17203459052700384,0.0,0.0,0.20176760360057439,0.1482323963994256,0.0
2018-02-26,0.25,0.0,0.16742655419421265,0.17203459052700384,0.0,0.0,0.20176760360057439,0.1482323963994256,0.0
2018-02-27,0.25,0.0,0.16742655419421265,0.17203459052700384,0.0,0.0,0.20176760360057439,0.1482323963994256,0.0
2018-02-28,0.25,0.0,0.16742655419421265,0.17203459052700384,0.0,0.0,0.20176760360057439,0.1482323963994256,0.0
2018-03-01,0.25,0.0,0.14202063132376672,0.14390910876693544,0.0,0.25,0.21407025990929793,0.0,0.0
2018-03-02,0.25,0.0,0.14202063132376672,0.14390910876693544,0.0,0.25,0.21407025990929793,0.0,0.0
2018-03-05,0.25,0.0,0.14202063132376672,0.14390910876693544,0.0,0.25,0.21407025990929793,0.0,0.0
2018-03-06,0.25,0.0,0.14202063132376672,0.14390910876693544,0.0,0.25,0.21407025990929793,0.0,0.0
2018-03-07,0.25,0.0,0.14202063132376672,0.14390910876693544,0.0,0.25,0.21407025990929793,0.0,0.0
2018-03-08,0.25,0.0,0.14202063132376672,0.14390910876693544,0.0,0.25,0.21407025990929793,0.0,0.0
2018-03-09,0.25,0.0,0.14202063132376672,0.14390910876693544,0.0,0.25,0.21407025990929793,0.0,0.0
2018-03-12,0.25,0.0,0.14202063132376672,0.14390910876693544,0.0,0.25,0.21407025990929793,0.0,0.0
2018-03-13,0.25,0.0,0.14202063132376672,0.14390910876693544,0.0,0.25,0.21407025990929793,0.0,0.0
2018-03-14,0.25,0.0,0.14202063132376672,0.14390910876693544,0.0,0.25,0.21407025990929793,0.0,0.0
2018-03-15,0.25,0.0,0.14202063132376672,0.14390910876693544,0.0,0.25,0.21407025990929793,0.0,0.0
2018-03-16,0.25,0.0,0.14202063132376672,0.14390910876693544,0.0,0.25,0.21407025990929793,0.0,0.0
2018-03-19,0.25,0.0,0.14202063132376672,0.14390910876693544,0.0,0.25,0.21407025990929793,0.0,0.0
2018-03-20,0.25,0.0,0.14202063132376672,0.14390910876693544,0.0,0.25,0.21407025990929793,0.0,0.0
2018-03-21,0.25,0.0,0.14202063132376672,0.14390910876693544,0.0,0.25,0.21407025990929793,0.0,0.0
2018-03-22,0.25,0.0,0.14202063132376672,0.14390910876693544,0.0,0.25,0.21407025990929793,0.0,0.0
2018-03-23,0.25,0.0,0.14202063132376672,0.14390910876693544,0.0,0.25,0.21407025990929793,0.0,0.0
2018-03-26,0.25,0.0,0.14202063132376672,0.14390910876693544,0.0,0.25,0.21407025990929793,0.0,0.0
2018-03-27,0.25,0.0,0.14202063132376672,0.14390910876693544,0.0,0.25,0.21407025990929793,0.0,0.0
2018-03-28,0.25,0.0,0.14202063132376672,0.14390910876693544,0.0,0.25,0.21407025990929793,0.0,0.0
2018-03-29,0.25,0.0,0.14202063132376672,0.14390910876693544,0.0,0.25,0.21407025990929793,0.0,0.0
2018-04-02,0.25,0.0,0.175,0.175,0.0,0.0,0.0,0.0,0.0
2018-04-03,0.25,0.0,0.175,0.175,0.0,0.0,0.0,0.0,0.0
2018-04-04,0.25,0.0,0.175,0.175,0.0,0.0,0.0,0.0,0.0
2018-04-05,0.25,0.0,0.175,0.175,0.0,0.0,0.0,0.0,0.0
2018-04-06,0.25,0.0,0.175,0.175,0.0,0.0,0.0,0.0,0.0
2018-04-09,0.25,0.0,0.175,0.175,0.0,0.0,0.0,0.0,0.0
2018-04-10,0.25,0.0,0.175,0.175,0.0,0.0,0.0,0.0,0.0
2018-04-11,0.25,0.0,0.175,0.175,0.0,0.0,0.0,0.0,0.0
2018-04-12,0.25,0.0,0.175,0.175,0.0,0.0,0.0,0.0,0.0
2018-04-13,0.25,0.0,0.175,0.175,0.0,0.0,0.0,0.0,0.0
2018-04-16,0.25,0.0,0.175,0.175,0.0,0.0,0.25,0.0,0.0
2018-04-17,0.25,0.0,0.175,0.175,0.0,0.0,0.25,0.0,0.0
2018-04-18,0.25,0.0,0.175,0.175,0.0,0.0,0.25,0.0,0.0
2018-04-19,0.25,0.0,0.175,0.175,0.0,0.0,0.25,0.0,0.0
2018-04-20,0.25,0.0,0.175,0.175,0.0,0.0,0.25,0.0,0.0
2018-04-23,0.25,0.0,0.175,0.175,0.0,0.0,0.25,0.0,0.0
2018-04-24,0.25,0.0,0.175,0.175,0.0,0.0,0.25,0.0,0.0
2018-04-25,0.25,0.0,0.175,0.175,0.0,0.0,0.25,0.0,0.0
2018-04-26,0.25,0.0,0.175,0.175,0.0,0.0,0.25,0.0,0.0
2018-04-27,0.25,0.0,0.175,0.175,0.0,0.0,0.25,0.0,0.0
2018-04-30,0.25,0.0,0.175,0.175,0.0,0.0,0.25,0.0,0.0
2018-05-01,0.25,0.0,0.175,0.175,0.0,0.25,0.0,0.0,0.0
2018-05-02,0.25,0.0,0.175,0.175,0.0,0.25,0.0,0.0,0.0
2018-05-03,0.25,0.0,0.175,0.175,0.0,0.25,0.0,0.0,0.0
2018-05-04,0.25,0.0,0.175,0.175,0.0,0.25,0.0,0.0,0.0
2018-05-07,0.25,0.0,0.175,0.175,0.0,0.25,0.0,0.0,0.0
2018-05-08,0.25,0.0,0.175,0.175,0.0,0.25,0.0,0.0,0.0
2018-05-09,0.25,0.0,0.175,0.175,0.0,0.25,0.0,0.0,0.0
2018-05-10,0.25,0.0,0.175,0.175,0.0,0.25,0.0,0.0,0.0
2018-05-11,0.25,0.0,0.175,0.175,0.0,0.25,0.0,0.0,0.0
2018-05-14,0.25,0.0,0.175,0.175,0.0,0.25,0.0,0.0,0.0
2018-05-15,0.25,0.0,0.175,0.175,0.0,0.25,0.0,0.0,0.0
2018-05-16,0.25,0.0,0.175,0.175,0.0,0.25,0.0,0.0,0.0
2018-05-17,0.25,0.0,0.175,0.175,0.0,0.25,0.0,0.0,0.0
2018-05-18,0.25,0.0,0.175,0.175,0.0,0.25,0.0,0.0,0.0
2018-05-21,0.25,0.0,0.175,0.175,0.0,0.25,0.0,0.0,0.0
2018-05-22,0.25,0.0,0.175,0.175,0.0,0.25,0.0,0.0,0.0
2018-05-23,0.25,0.0,0.175,0.175,0.0,0.25,0.0,0.0,0.0
2018-05-24,0.25,0.0,0.175,0.175,0.0,0.25,0.0,0.0,0.0
2018-05-25,0.25,0.0,0.175,0.175,0.0,0.25,0.0,0.0,0.0
2018-05-29,0.25,0.0,0.175,0.175,0.0,0.25,0.0,0.0,0.0
2018-05-30,0.25,0.0,0.175,0.175,0.0,0.25,0.0,0.0,0.0
2018-05-31,0.25,0.0,0.175,0.175,0.0,0.25,0.0,0.0,0.0
2018-06-01,0.0,0.0,0.175,0.175,0.0,0.0,0.25,0.0,0.0
2018-06-04,0.0,0.0,0.175,0.175,0.0,0.0,0.25,0.0,0.0
2018-06-05,0.0,0.0,0.175,0.175,0.0,0.0,0.25,0.0,0.0
2018-06-06,0.0,0.0,0.175,0.175,0.0,0.0,0.25,0.0,0.0
2018-06-07,0.0,0.0,0.175,0.175,0.0,0.0,0.25,0.0,0.0
2018-06-08,0.0,0.0,0.175,0.175,0.0,0.0,0.25,0.0,0.0
2018-06-11,0.0,0.0,0.175,0.175,0.0,0.0,0.25,0.0,0.0
2018-06-12,0.0,0.0,0.175,0.175,0.0,0.0,0.25,0.0,0.0
2018-06-13,0.0,0.0,0.175,0.175,0.0,0.0,0.25,0.0,0.0
2018-06-14,0.0,0.0,0.175,0.175,0.0,0.0,0.25,0.0,0.0
2018-06-15,0.0,0.0,0.175,0.175,0.0,0.0,0.25,0.0,0.0
2018-06-18,0.0,0.0,0.175,0.175,0.0,0.0,0.25,0.0,0.0
2018-06-19,0.0,0.0,0.175,0.175,0.0,0.0,0.25,0.0,0.0
2018-06-20,0.0,0.0,0.175,0.175,0.0,0.0,0.25,0.0,0.0
2018-06-21,0.0,0.0,0.175,0.175,0.0,0.0,0.25,0.0,0.0
2018-06-22,0.0,0.0,0.175,0.175,0.0,0.0,0.25,0.0,0.0
2018-06-25,0.0,0.0,0.175,0.175,0.0,0.0,0.25,0.0,0.0
2018-06-26,0.0,0.0,0.175,0.175,0.0,0.0,0.25,0.0,0.0
2018-06-27,0.0,0.0,0.175,0.175,0.0,0.0,0.25,0.0,0.0
2018-06-28,0.0,0.0,0.175,0.175,0.0,0.0,0.25,0.0,0.0
2018-06-29,0.0,0.0,0.175,0.175,0.0,0.0,0.25,0.0,0.0
2018-07-02,0.0,0.0,0.175,0.175,0.0,0.0,0.0,0.0,0.0
2018-07-03,0.0,0.0,0.175,0.175,0.0,0.0,0.0,0.0,0.0
2018-07-05,0.0,0.0,0.175,0.175,0.0,0.0,0.0,0.0,0.0
2018-07-06,0.0,0.0,0.175,0.175,0.0,0.0,0.0,0.0,0.0
2018-07-09,0.0,0.0,0.175,0.175,0.0,0.0,0.0,0.0,0.0
2018-07-10,0.0,0.0,0.175,0.175,0.0,0.0,0.0,0.0,0.0
2018-07-11,0.0,0.0,0.175,0.175,0.0,0.0,0.0,0.0,0.0
2018-07-12,0.0,0.0,0.175,0.175,0.0,0.0,0.0,0.0,0.0
2018-07-13,0.0,0.0,0.175,0.175,0.0,0.0,0.0,0.0,0.0
2018-07-16,0.0,0.0,0.175,0.175,0.0,0.0,0.0,0.0,0.0
2018-07-17,0.0,0.0,0.175,0.175,0.0,0.0,0.0,0.0,0.0
2018-07-18,0.0,0.0,0.175,0.175,0.0,0.0,0.0,0.0,0.0
2018-07-19,0.0,0.0,0.175,0.175,0.0,0.0,0.0,0.0,0.0
2018-07-20,0.0,0.0,0.175,0.175,0.0,0.0,0.0,0.0,0.0
2018-07-23,0.0,0.0,0.175,0.175,0.0,0.0,0.0,0.0,0.0
2018-07-24,0.0,0.0,0.175,0.175,0.0,0.0,0.0,0.0,0.0
2018-07-25,0.0,0.0,0.175,0.175,0.0,0.0,0.0,0.0,0.0
2018-07-26,0.0,0.0,0.175,0.175,0.0,0.0,0.0,0.0,0.0
2018-07-27,0.0,0.0,0.175,0.175,0.0,0.0,0.0,0.0,0.0
2018-07-30,0.0,0.0,0.175,0.175,0.0,0.0,0.0,0.0,0.0
2018-07-31,0.0,0.0,0.175,0.175,0.0,0.0,0.0,0.0,0.0
2018-08-01,0.0,0.0,0.175,0.175,0.0,0.0,0.0,0.0,0.0
2018-08-02,0.0,0.0,0.175,0.175,0.0,0.0,0.0,0.0,0.0
2018-08-03,0.0,0.0,0.175,0.175,0.0,0.0,0.0,0.0,0.0
2018-08-06,0.0,0.0,0.175,0.175,0.0,0.0,0.0,0.0,0.0
2018-08-07,0.0,0.0,0.175,0.175,0.0,0.0,0.0,0.0,0.0
2018-08-08,0.0,0.0,0.175,0.175,0.0,0.0,0.0,0.0,0.0
2018-08-09,0.0,0.0,0.175,0.175,0.0,0.0,0.0,0.0,0.0
2018-08-10,0.0,0.0,0.175,0.175,0.0,0.0,0.0,0.0,0.0
2018-08-13,0.0,0.0,0.175,0.175,0.0,0.0,0.0,0.0,0.0
2018-08-14,0.0,0.0,0.175,0.175,0.0,0.0,0.0,0.0,0.0
2018-08-15,0.0,0.0,0.175,0.175,0.0,0.0,0.0,0.0,0.0
2018-08-16,0.0,0.0,0.11666666666666665,0.11666666666666665,0.11666666666666665,0.0,0.0,0.0,0.0
2018-08-17,0.0,0.0,0.11666666666666665,0.11666666666666665,0.11666666666666665,0.0,0.0,0.0,0.0
2018-08-20,0.0,0.0,0.11666666666666665,0.11666666666666665,0.11666666666666665,0.0,0.0,0.0,0.0
2018-08-21,0.0,0.0,0.11666666666666665,0.11666666666666665,0.11666666666666665,0.0,0.0,0.0,0.0
2018-08-22,0.0,0.0,0.11666666666666665,0.11666666666666665,0.11666666666666665,0.0,0.0,0.0,0.0
2018-08-23,0.0,0.0,0.11666666666666665,0.11666666666666665,0.11666666666666665,0.0,0.0,0.0,0.0
2018-08-24,0.0,0.0,0.11666666666666665,0.11666666666666665,0.11666666666666665,0.0,0.0,0.0,0.0
2018-08-27,0.0,0.0,0.11666666666666665,0.11666666666666665,0.11666666666666665,0.0,0.0,0.0,0.0
2018-08-28,0.0,0.0,0.11666666666666665,0.11666666666666665,0.11666666666666665,0.0,0.0,0.0,0.0
2018-08-29,0.0,0.0,0.11666666666666665,0.11666666666666665,0.11666666666666665,0.0,0.0,0.0,0.0
2018-08-30,0.0,0.0,0.11666666666666665,0.11666666666666665,0.11666666666666665,0.0,0.0,0.0,0.0
2018-08-31,0.0,0.0,0.11666666666666665,0.11666666666666665,0.11666666666666665,0.0,0.0,0.0,0.0
2018-09-04,0.0,0.0,0.175,0.175,0.0,0.0,0.0,0.0,0.0
2018-09-05,0.0,0.0,0.175,0.175,0.0,0.0,0.0,0.0,0.0
2018-09-06,0.0,0.0,0.175,0.175,0.0,0.0,0.0,0.0,0.0
2018-09-07,0.0,0.0,0.175,0.175,0.0,0.0,0.0,0.0,0.0
2018-09-10,0.0,0.0,0.175,0.175,0.0,0.0,0.0,0.0,0.0
2018-09-11,0.0,0.0,0.175,0.175,0.0,0.0,0.0,0.0,0.0
2018-09-12,0.0,0.0,0.175,0.175,0.0,0.0,0.0,0.0,0.0
2018-09-13,0.0,0.0,0.175,0.175,0.0,0.0,0.0,0.0,0.0
2018-09-14,0.0,0.0,0.175,0.175,0.0,0.0,0.0,0.0,0.0
2018-09-17,0.0,0.0,0.175,0.175,0.0,0.0,0.0,0.0,0.0
2018-09-18,0.0,0.0,0.175,0.175,0.0,0.0,0.0,0.0,0.0
2018-09-19,0.0,0.0,0.175,0.175,0.0,0.0,0.0,0.0,0.0
2018-09-20,0.0,0.0,0.175,0.175,0.0,0.0,0.0,0.0,0.0
2018-09-21,0.0,0.0,0.175,0.175,0.0,0.0,0.0,0.0,0.0
2018-09-24,0.0,0.0,0.175,0.175,0.0,0.0,0.0,0.0,0.0
2018-09-25,0.0,0.0,0.175,0.175,0.0,0.0,0.0,0.0,0.0
2018-09-26,0.0,0.0,0.175,0.175,0.0,0.0,0.0,0.0,0.0
2018-09-27,0.0,0.0,0.175,0.175,0.0,0.0,0.0,0.0,0.0
2018-09-28,0.0,0.0,0.175,0.175,0.0,0.0,0.0,0.0,0.0
2018-10-01,0.0,0.0,0.11666666666666665,0.11666666666666665,0.11666666666666665,0.0,0.0,0.0,0.0
2018-10-02,0.0,0.0,0.11666666666666665,0.11666666666666665,0.11666666666666665,0.0,0.0,0.0,0.0
2018-10-03,0.0,0.0,0.11666666666666665,0.11666666666666665,0.11666666666666665,0.0,0.0,0.0,0.0
2018-10-04,0.0,0.0,0.11666666666666665,0.11666666666666665,0.11666666666666665,0.0,0.0,0.0,0.0
2018-10-05,0.0,0.0,0.11666666666666665,0.11666666666666665,0.11666666666666665,0.0,0.0,0.0,0.0
2018-10-08,0.0,0.0,0.11666666666666665,0.11666666666666665,0.11666666666666665,0.0,0.0,0.0,0.0
2018-10-09,0.0,0.0,0.11666666666666665,0.11666666666666665,0.11666666666666665,0.0,0.0,0.0,0.0
2018-10-10,0.0,0.0,0.11666666666666665,0.11666666666666665,0.11666666666666665,0.0,0.0,0.0,0.0
2018-10-11,0.0,0.0,0.11666666666666665,0.11666666666666665,0.11666666666666665,0.0,0.0,0.0,0.0
2018-10-12,0.0,0.0,0.11666666666666665,0.11666666666666665,0.11666666666666665,0.0,0.0,0.0,0.0
2018-10-15,0.0,0.0,0.11666666666666665,0.11666666666666665,0.11666666666666665,0.0,0.0,0.0,0.0
2018-10-16,0.0,0.0,0.11666666666666665,0.11666666666666665,0.11666666666666665,0.0,0.0,0.0,0.0
2018-10-17,0.0,0.0,0.11666666666666665,0.11666666666666665,0.11666666666666665,0.0,0.0,0.0,0.0
2018-10-18,0.0,0.0,0.11666666666666665,0.11666666666666665,0.11666666666666665,0.0,0.0,0.0,0.0
2018-10-19,0.0,0.0,0.11666666666666665,0.11666666666666665,0.11666666666666665,0.0,0.0,0.0,0.0
2018-10-22,0.0,0.0,0.11666666666666665,0.11666666666666665,0.11666666666666665,0.0,0.0,0.0,0.0
2018-10-23,0.0,0.0,0.11666666666666665,0.11666666666666665,0.11666666666666665,0.0,0.0,0.0,0.0
2018-10-24,0.0,0.0,0.11666666666666665,0.11666666666666665,0.11666666666666665,0.0,0.0,0.0,0.0
2018-10-25,0.0,0.0,0.11666666666666665,0.11666666666666665,0.11666666666666665,0.0,0.0,0.0,0.0
2018-10-26,0.0,0.0,0.11666666666666665,0.11666666666666665,0.11666666666666665,0.0,0.0,0.0,0.0
2018-10-29,0.0,0.0,0.11666666666666665,0.11666666666666665,0.11666666666666665,0.0,0.0,0.0,0.0
2018-10-30,0.0,0.0,0.11666666666666665,0.11666666666666665,0.11666666666666665,0.0,0.0,0.0,0.0
2018-10-31,0.0,0.0,0.11666666666666665,0.11666666666666665,0.11666666666666665,0.0,0.0,0.0,0.0
2018-11-01,0.0,0.0,0.0,0.0,0.25,0.0,0.0,0.0,0.0
2018-11-02,0.0,0.0,0.0,0.0,0.25,0.0,0.0,0.0,0.0
2018-11-05,0.0,0.0,0.0,0.0,0.25,0.0,0.0,0.0,0.0
2018-11-06,0.0,0.0,0.0,0.0,0.25,0.0,0.0,0.0,0.0
2018-11-07,0.0,0.0,0.0,0.0,0.25,0.0,0.0,0.0,0.0
2018-11-08,0.0,0.0,0.0,0.0,0.25,0.0,0.0,0.0,0.0
2018-11-09,0.0,0.0,0.0,0.0,0.25,0.0,0.0,0.0,0.0
2018-11-12,0.0,0.0,0.0,0.0,0.25,0.0,0.0,0.0,0.0
2018-11-13,0.0,0.0,0.0,0.0,0.25,0.0,0.0,0.0,0.0
2018-11-14,0.0,0.0,0.0,0.0,0.25,0.0,0.0,0.0,0.0
2018-11-15,0.0,0.0,0.0,0.0,0.25,0.0,0.0,0.0,0.0
2018-11-16,0.0,0.0,0.0,0.0,0.25,0.0,0.0,0.0,0.0
2018-11-19,0.0,0.0,0.0,0.0,0.25,0.0,0.0,0.0,0.0
2018-11-20,0.0,0.0,0.0,0.0,0.25,0.0,0.0,0.0,0.0
2018-11-21,0.0,0.0,0.0,0.0,0.25,0.0,0.0,0.0,0.0
2018-11-23,0.0,0.0,0.0,0.0,0.25,0.0,0.0,0.0,0.0
2018-11-26,0.0,0.0,0.0,0.0,0.25,0.0,0.0,0.0,0.0
2018-11-27,0.0,0.0,0.0,0.0,0.25,0.0,0.0,0.0,0.0
2018-11-28,0.0,0.0,0.0,0.0,0.25,0.0,0.0,0.0,0.0
2018-11-29,0.0,0.0,0.0,0.0,0.25,0.0,0.0,0.0,0.0
2018-11-30,0.0,0.0,0.0,0.0,0.25,0.0,0.0,0.0,0.0
2018-12-03,0.0,0.0,0.0,0.0,0.20179777369646976,0.0,0.0,0.0,0.0
2018-12-04,0.0,0.0,0.0,0.0,0.20179777369646976,0.0,0.0,0.0,0.0
2018-12-06,0.0,0.0,0.0,0.0,0.20179777369646976,0.0,0.0,0.0,0.0
2018-12-07,0.0,0.0,0.0,0.0,0.20179777369646976,0.0,0.0,0.0,0.0
2018-12-10,0.0,0.0,0.0,0.0,0.20179777369646976,0.0,0.0,0.0,0.0
2018-12-11,0.0,0.0,0.0,0.0,0.20179777369646976,0.0,0.0,0.0,0.0
2018-12-12,0.0,0.0,0.0,0.0,0.20179777369646976,0.0,0.0,0.0,0.0
2018-12-13,0.0,0.0,0.0,0.0,0.20179777369646976,0.0,0.0,0.0,0.0
2018-12-14,0.0,0.0,0.0,0.0,0.20179777369646976,0.0,0.0,0.0,0.0
2018-12-17,0.0,0.0,0.0,0.0,0.18853468357700476,0.0,0.0,0.0,0.0
2018-12-18,0.0,0.0,0.0,0.0,0.18853468357700476,0.0,0.0,0.0,0.0
2018-12-19,0.0,0.0,0.0,0.0,0.18853468357700476,0.0,0.0,0.0,0.0
2018-12-20,0.0,0.0,0.0,0.0,0.18853468357700476,0.0,0.0,0.0,0.0
2018-12-21,0.0,0.0,0.0,0.0,0.18853468357700476,0.0,0.0,0.0,0.0
2018-12-24,0.0,0.0,0.0,0.0,0.18853468357700476,0.0,0.0,0.0,0.0
2018-12-26,0.0,0.0,0.0,0.0,0.18853468357700476,0.0,0.0,0.0,0.0
2018-12-27,0.0,0.0,0.0,0.0,0.18853468357700476,0.0,0.0,0.0,0.0
2018-12-28,0.0,0.0,0.0,0.0,0.18853468357700476,0.0,0.0,0.0,0.0
2018-12-31,0.0,0.0,0.0,0.0,0.18853468357700476,0.0,0.0,0.0,0.0
2019-01-02,0.25,0.0,0.0,0.0,0.0,0.0,0.0,0.0,0.0
2019-01-03,0.25,0.0,0.0,0.0,0.0,0.0,0.0,0.0,0.0
2019-01-04,0.25,0.0,0.0,0.0,0.0,0.0,0.0,0.0,0.0
2019-01-07,0.25,0.0,0.0,0.0,0.0,0.0,0.0,0.0,0.0
2019-01-08,0.25,0.0,0.0,0.0,0.0,0.0,0.0,0.0,0.0
2019-01-09,0.25,0.0,0.0,0.0,0.0,0.0,0.0,0.0,0.0
2019-01-10,0.25,0.0,0.0,0.0,0.0,0.0,0.0,0.0,0.0
2019-01-11,0.25,0.0,0.0,0.0,0.0,0.0,0.0,0.0,0.0
2019-01-14,0.25,0.0,0.0,0.0,0.0,0.0,0.0,0.0,0.0
2019-01-15,0.25,0.0,0.0,0.0,0.0,0.0,0.0,0.0,0.0
2019-01-16,0.25,0.0,0.0,0.0,0.0,0.0,0.0,0.0,0.0
2019-01-17,0.25,0.0,0.0,0.0,0.0,0.0,0.0,0.0,0.0
2019-01-18,0.25,0.0,0.0,0.0,0.0,0.0,0.0,0.0,0.0
2019-01-22,0.25,0.0,0.0,0.0,0.0,0.0,0.0,0.0,0.0
2019-01-23,0.25,0.0,0.0,0.0,0.0,0.0,0.0,0.0,0.0
2019-01-24,0.25,0.0,0.0,0.0,0.0,0.0,0.0,0.0,0.0
2019-01-25,0.25,0.0,0.0,0.0,0.0,0.0,0.0,0.0,0.0
2019-01-28,0.25,0.0,0.0,0.0,0.0,0.0,0.0,0.0,0.0
2019-01-29,0.25,0.0,0.0,0.0,0.0,0.0,0.0,0.0,0.0
2019-01-30,0.25,0.0,0.0,0.0,0.0,0.0,0.0,0.0,0.0
2019-01-31,0.25,0.0,0.0,0.0,0.0,0.0,0.0,0.0,0.0
2019-02-01,0.175,0.175,0.0,0.0,0.0,0.0,0.0,0.0,0.0
2019-02-04,0.175,0.175,0.0,0.0,0.0,0.0,0.0,0.0,0.0
2019-02-05,0.175,0.175,0.0,0.0,0.0,0.0,0.0,0.0,0.0
2019-02-06,0.175,0.175,0.0,0.0,0.0,0.0,0.0,0.0,0.0
2019-02-07,0.175,0.175,0.0,0.0,0.0,0.0,0.0,0.0,0.0
2019-02-08,0.175,0.175,0.0,0.0,0.0,0.0,0.0,0.0,0.0
2019-02-11,0.175,0.175,0.0,0.0,0.0,0.0,0.0,0.0,0.0
2019-02-12,0.175,0.175,0.0,0.0,0.0,0.0,0.0,0.0,0.0
2019-02-13,0.175,0.175,0.0,0.0,0.0,0.0,0.0,0.0,0.0
2019-02-14,0.175,0.175,0.0,0.0,0.0,0.0,0.0,0.0,0.0
2019-02-15,0.175,0.175,0.0,0.0,0.0,0.0,0.0,0.0,0.0
2019-02-19,0.175,0.175,0.0,0.0,0.0,0.0,0.0,0.0,0.0
2019-02-20,0.175,0.175,0.0,0.0,0.0,0.0,0.0,0.0,0.0
2019-02-21,0.175,0.175,0.0,0.0,0.0,0.0,0.0,0.0,0.0
2019-02-22,0.175,0.175,0.0,0.0,0.0,0.0,0.0,0.0,0.0
2019-02-25,0.175,0.175,0.0,0.0,0.0,0.0,0.0,0.0,0.0
2019-02-26,0.175,0.175,0.0,0.0,0.0,0.0,0.0,0.0,0.0
2019-02-27,0.175,0.175,0.0,0.0,0.0,0.0,0.0,0.0,0.0
2019-02-28,0.175,0.175,0.0,0.0,0.0,0.0,0.0,0.0,0.0
2019-03-01,0.175,0.0,0.0,0.0,0.0,0.0,0.175,0.175,0.175
2019-03-04,0.175,0.0,0.0,0.0,0.0,0.0,0.175,0.175,0.175
2019-03-05,0.175,0.0,0.0,0.0,0.0,0.0,0.175,0.175,0.175
2019-03-06,0.175,0.0,0.0,0.0,0.0,0.0,0.175,0.175,0.175
2019-03-07,0.175,0.0,0.0,0.0,0.0,0.0,0.175,0.175,0.175
2019-03-08,0.175,0.0,0.0,0.0,0.0,0.0,0.175,0.175,0.175
2019-03-11,0.175,0.0,0.0,0.0,0.0,0.0,0.175,0.175,0.175
2019-03-12,0.175,0.0,0.0,0.0,0.0,0.0,0.175,0.175,0.175
2019-03-13,0.175,0.0,0.0,0.0,0.0,0.0,0.175,0.175,0.175
2019-03-14,0.175,0.0,0.0,0.0,0.0,0.0,0.175,0.175,0.175
2019-03-15,0.175,0.0,0.0,0.0,0.0,0.0,0.175,0.175,0.175
2019-03-18,0.175,0.0,0.0,0.0,0.0,0.0,0.175,0.175,0.175
2019-03-19,0.175,0.0,0.0,0.0,0.0,0.0,0.175,0.175,0.175
2019-03-20,0.175,0.0,0.0,0.0,0.0,0.0,0.175,0.175,0.175
2019-03-21,0.175,0.0,0.0,0.0,0.0,0.0,0.175,0.175,0.175
2019-03-22,0.175,0.0,0.0,0.0,0.0,0.0,0.175,0.175,0.175
2019-03-25,0.175,0.0,0.0,0.0,0.0,0.0,0.175,0.175,0.175
2019-03-26,0.175,0.0,0.0,0.0,0.0,0.0,0.175,0.175,0.175
2019-03-27,0.175,0.0,0.0,0.0,0.0,0.0,0.175,0.175,0.175
2019-03-28,0.175,0.0,0.0,0.0,0.0,0.0,0.175,0.175,0.175
2019-03-29,0.175,0.0,0.0,0.0,0.0,0.0,0.175,0.175,0.175
2019-04-01,0.175,0.0,0.0,0.0,0.0,0.0,0.175,0.175,0.175
2019-04-02,0.175,0.0,0.0,0.0,0.0,0.0,0.175,0.175,0.175
2019-04-03,0.175,0.0,0.0,0.0,0.0,0.0,0.175,0.175,0.175
2019-04-04,0.175,0.0,0.0,0.0,0.0,0.0,0.175,0.175,0.175
2019-04-05,0.175,0.0,0.0,0.0,0.0,0.0,0.175,0.175,0.175
2019-04-08,0.175,0.0,0.0,0.0,0.0,0.0,0.175,0.175,0.175
2019-04-09,0.175,0.0,0.0,0.0,0.0,0.0,0.175,0.175,0.175
2019-04-10,0.175,0.0,0.0,0.0,0.0,0.0,0.175,0.175,0.175
2019-04-11,0.175,0.0,0.0,0.0,0.0,0.0,0.175,0.175,0.175
2019-04-12,0.175,0.0,0.0,0.0,0.0,0.0,0.175,0.175,0.175
2019-04-15,0.175,0.0,0.0,0.0,0.0,0.0,0.175,0.175,0.175
2019-04-16,0.175,0.0,0.0,0.0,0.0,0.0,0.175,0.175,0.175
2019-04-17,0.175,0.0,0.0,0.0,0.0,0.0,0.175,0.175,0.175
2019-04-18,0.175,0.0,0.0,0.0,0.0,0.0,0.175,0.175,0.175
2019-04-22,0.175,0.0,0.0,0.0,0.0,0.0,0.175,0.175,0.175
2019-04-23,0.175,0.0,0.0,0.0,0.0,0.0,0.175,0.175,0.175
2019-04-24,0.175,0.0,0.0,0.0,0.0,0.0,0.175,0.175,0.175
2019-04-25,0.175,0.0,0.0,0.0,0.0,0.0,0.175,0.175,0.175
2019-04-26,0.175,0.0,0.0,0.0,0.0,0.0,0.175,0.175,0.175
2019-04-29,0.175,0.0,0.0,0.0,0.0,0.0,0.175,0.175,0.175
2019-04-30,0.175,0.0,0.0,0.0,0.0,0.0,0.175,0.175,0.175
2019-05-01,0.175,0.0,0.0,0.0,0.0,0.0,0.0,0.25,0.175
2019-05-02,0.175,0.0,0.0,0.0,0.0,0.0,0.0,0.25,0.175
2019-05-03,0.175,0.0,0.0,0.0,0.0,0.0,0.0,0.25,0.175
2019-05-06,0.175,0.0,0.0,0.0,0.0,0.0,0.0,0.25,0.175
2019-05-07,0.175,0.0,0.0,0.0,0.0,0.0,0.0,0.25,0.175
2019-05-08,0.175,0.0,0.0,0.0,0.0,0.0,0.0,0.25,0.175
2019-05-09,0.175,0.0,0.0,0.0,0.0,0.0,0.0,0.25,0.175
2019-05-10,0.175,0.0,0.0,0.0,0.0,0.0,0.0,0.25,0.175
2019-05-13,0.175,0.0,0.0,0.0,0.0,0.0,0.0,0.25,0.175
2019-05-14,0.175,0.0,0.0,0.0,0.0,0.0,0.0,0.25,0.175
2019-05-15,0.175,0.0,0.0,0.0,0.0,0.0,0.0,0.25,0.175
2019-05-16,0.175,0.0,0.0,0.0,0.0,0.0,0.0,0.25,0.175
2019-05-17,0.175,0.0,0.0,0.0,0.0,0.0,0.0,0.25,0.175
2019-05-20,0.175,0.0,0.0,0.0,0.0,0.0,0.0,0.25,0.175
2019-05-21,0.175,0.0,0.0,0.0,0.0,0.0,0.0,0.25,0.175
2019-05-22,0.175,0.0,0.0,0.0,0.0,0.0,0.0,0.25,0.175
2019-05-23,0.175,0.0,0.0,0.0,0.0,0.0,0.0,0.25,0.175
2019-05-24,0.175,0.0,0.0,0.0,0.0,0.0,0.0,0.25,0.175
2019-05-28,0.175,0.0,0.0,0.0,0.0,0.0,0.0,0.25,0.175
2019-05-29,0.175,0.0,0.0,0.0,0.0,0.0,0.0,0.25,0.175
2019-05-30,0.175,0.0,0.0,0.0,0.0,0.0,0.0,0.25,0.175
2019-05-31,0.175,0.0,0.0,0.0,0.0,0.0,0.0,0.25,0.175
2019-06-03,0.25,0.0,0.0,0.0,0.0,0.0,0.0,0.0,0.0
2019-06-04,0.25,0.0,0.0,0.0,0.0,0.0,0.0,0.0,0.0
2019-06-05,0.25,0.0,0.0,0.0,0.0,0.0,0.0,0.0,0.0
2019-06-06,0.25,0.0,0.0,0.0,0.0,0.0,0.0,0.0,0.0
2019-06-07,0.25,0.0,0.0,0.0,0.0,0.0,0.0,0.0,0.0
2019-06-10,0.25,0.0,0.0,0.0,0.0,0.0,0.0,0.0,0.0
2019-06-11,0.25,0.0,0.0,0.0,0.0,0.0,0.0,0.0,0.0
2019-06-12,0.25,0.0,0.0,0.0,0.0,0.0,0.0,0.0,0.0
2019-06-13,0.25,0.0,0.0,0.0,0.0,0.0,0.0,0.0,0.0
2019-06-14,0.25,0.0,0.0,0.0,0.0,0.0,0.0,0.0,0.0
2019-06-17,0.25,0.0,0.0,0.0,0.0,0.0,0.0,0.0,0.0
2019-06-18,0.25,0.0,0.0,0.0,0.0,0.0,0.0,0.0,0.0
2019-06-19,0.25,0.0,0.0,0.0,0.0,0.0,0.0,0.0,0.0
2019-06-20,0.25,0.0,0.0,0.0,0.0,0.0,0.0,0.0,0.0
2019-06-21,0.25,0.0,0.0,0.0,0.0,0.0,0.0,0.0,0.0
2019-06-24,0.25,0.0,0.0,0.0,0.0,0.0,0.0,0.0,0.0
2019-06-25,0.25,0.0,0.0,0.0,0.0,0.0,0.0,0.0,0.0
2019-06-26,0.25,0.0,0.0,0.0,0.0,0.0,0.0,0.0,0.0
2019-06-27,0.25,0.0,0.0,0.0,0.0,0.0,0.0,0.0,0.0
2019-06-28,0.25,0.0,0.0,0.0,0.0,0.0,0.0,0.0,0.0
2019-07-01,0.25,0.0,0.0,0.25,0.0,0.0,0.0,0.0,0.0
2019-07-02,0.25,0.0,0.0,0.25,0.0,0.0,0.0,0.0,0.0
2019-07-03,0.25,0.0,0.0,0.25,0.0,0.0,0.0,0.0,0.0
2019-07-05,0.25,0.0,0.0,0.25,0.0,0.0,0.0,0.0,0.0
2019-07-08,0.25,0.0,0.0,0.25,0.0,0.0,0.0,0.0,0.0
2019-07-09,0.25,0.0,0.0,0.25,0.0,0.0,0.0,0.0,0.0
2019-07-10,0.25,0.0,0.0,0.25,0.0,0.0,0.0,0.0,0.0
2019-07-11,0.25,0.0,0.0,0.25,0.0,0.0,0.0,0.0,0.0
2019-07-12,0.25,0.0,0.0,0.25,0.0,0.0,0.0,0.0,0.0
2019-07-15,0.25,0.0,0.0,0.25,0.0,0.0,0.0,0.0,0.0
2019-07-16,0.25,0.0,0.0,0.25,0.0,0.0,0.0,0.0,0.0
2019-07-17,0.25,0.0,0.0,0.25,0.0,0.0,0.0,0.0,0.0
2019-07-18,0.25,0.0,0.0,0.25,0.0,0.0,0.0,0.0,0.0
2019-07-19,0.25,0.0,0.0,0.25,0.0,0.0,0.0,0.0,0.0
2019-07-22,0.25,0.0,0.0,0.25,0.0,0.0,0.0,0.0,0.0
2019-07-23,0.25,0.0,0.0,0.25,0.0,0.0,0.0,0.0,0.0
2019-07-24,0.25,0.0,0.0,0.25,0.0,0.0,0.0,0.0,0.0
2019-07-25,0.25,0.0,0.0,0.25,0.0,0.0,0.0,0.0,0.0
2019-07-26,0.25,0.0,0.0,0.25,0.0,0.0,0.0,0.0,0.0
2019-07-29,0.25,0.0,0.0,0.25,0.0,0.0,0.0,0.0,0.0
2019-07-30,0.25,0.0,0.0,0.25,0.0,0.0,0.0,0.0,0.0
2019-07-31,0.25,0.0,0.0,0.25,0.0,0.0,0.0,0.0,0.0
2019-08-01,0.11666666666666665,0.11666666666666665,0.0,0.0,0.0,0.0,0.0,0.0,0.11666666666666665
2019-08-02,0.11666666666666665,0.11666666666666665,0.0,0.0,0.0,0.0,0.0,0.0,0.11666666666666665
2019-08-05,0.11666666666666665,0.11666666666666665,0.0,0.0,0.0,0.0,0.0,0.0,0.11666666666666665
2019-08-06,0.11666666666666665,0.11666666666666665,0.0,0.0,0.0,0.0,0.0,0.0,0.11666666666666665
2019-08-07,0.11666666666666665,0.11666666666666665,0.0,0.0,0.0,0.0,0.0,0.0,0.11666666666666665
2019-08-08,0.11666666666666665,0.11666666666666665,0.0,0.0,0.0,0.0,0.0,0.0,0.11666666666666665
2019-08-09,0.11666666666666665,0.11666666666666665,0.0,0.0,0.0,0.0,0.0,0.0,0.11666666666666665
2019-08-12,0.11666666666666665,0.11666666666666665,0.0,0.0,0.0,0.0,0.0,0.0,0.11666666666666665
2019-08-13,0.11666666666666665,0.11666666666666665,0.0,0.0,0.0,0.0,0.0,0.0,0.11666666666666665
2019-08-14,0.11666666666666665,0.11666666666666665,0.0,0.0,0.0,0.0,0.0,0.0,0.11666666666666665
2019-08-15,0.11666666666666665,0.11666666666666665,0.0,0.0,0.0,0.0,0.0,0.0,0.11666666666666665
2019-08-16,0.11666666666666665,0.11666666666666665,0.0,0.0,0.0,0.0,0.0,0.0,0.11666666666666665
2019-08-19,0.11666666666666665,0.11666666666666665,0.0,0.0,0.0,0.0,0.0,0.0,0.11666666666666665
2019-08-20,0.11666666666666665,0.11666666666666665,0.0,0.0,0.0,0.0,0.0,0.0,0.11666666666666665
2019-08-21,0.11666666666666665,0.11666666666666665,0.0,0.0,0.0,0.0,0.0,0.0,0.11666666666666665
2019-08-22,0.11666666666666665,0.11666666666666665,0.0,0.0,0.0,0.0,0.0,0.0,0.11666666666666665
2019-08-23,0.11666666666666665,0.11666666666666665,0.0,0.0,0.0,0.0,0.0,0.0,0.11666666666666665
2019-08-26,0.11666666666666665,0.11666666666666665,0.0,0.0,0.0,0.0,0.0,0.0,0.11666666666666665
2019-08-27,0.11666666666666665,0.11666666666666665,0.0,0.0,0.0,0.0,0.0,0.0,0.11666666666666665
2019-08-28,0.11666666666666665,0.11666666666666665,0.0,0.0,0.0,0.0,0.0,0.0,0.11666666666666665
2019-08-29,0.11666666666666665,0.11666666666666665,0.0,0.0,0.0,0.0,0.0,0.0,0.11666666666666665
2019-08-30,0.11666666666666665,0.11666666666666665,0.0,0.0,0.0,0.0,0.0,0.0,0.11666666666666665
2019-09-03,0.11666666666666665,0.11666666666666665,0.0,0.0,0.0,0.0,0.0,0.0,0.11666666666666665
2019-09-04,0.11666666666666665,0.11666666666666665,0.0,0.0,0.0,0.0,0.0,0.0,0.11666666666666665
2019-09-05,0.11666666666666665,0.11666666666666665,0.0,0.0,0.0,0.0,0.0,0.0,0.11666666666666665
2019-09-06,0.11666666666666665,0.11666666666666665,0.0,0.0,0.0,0.0,0.0,0.0,0.11666666666666665
2019-09-09,0.11666666666666665,0.11666666666666665,0.0,0.0,0.0,0.0,0.0,0.0,0.11666666666666665
2019-09-10,0.11666666666666665,0.11666666666666665,0.0,0.0,0.0,0.0,0.0,0.0,0.11666666666666665
2019-09-11,0.11666666666666665,0.11666666666666665,0.0,0.0,0.0,0.0,0.0,0.0,0.11666666666666665
2019-09-12,0.11666666666666665,0.11666666666666665,0.0,0.0,0.0,0.0,0.0,0.0,0.11666666666666665
2019-09-13,0.11666666666666665,0.11666666666666665,0.0,0.0,0.0,0.0,0.0,0.0,0.11666666666666665
2019-09-16,0.11666666666666665,0.11666666666666665,0.0,0.0,0.0,0.0,0.0,0.0,0.11666666666666665
2019-09-17,0.11666666666666665,0.11666666666666665,0.0,0.0,0.0,0.0,0.0,0.0,0.11666666666666665
2019-09-18,0.11666666666666665,0.11666666666666665,0.0,0.0,0.0,0.0,0.0,0.0,0.11666666666666665
2019-09-19,0.11666666666666665,0.11666666666666665,0.0,0.0,0.0,0.0,0.0,0.0,0.11666666666666665
2019-09-20,0.11666666666666665,0.11666666666666665,0.0,0.0,0.0,0.0,0.0,0.0,0.11666666666666665
2019-09-23,0.11666666666666665,0.11666666666666665,0.0,0.0,0.0,0.0,0.0,0.0,0.11666666666666665
2019-09-24,0.11666666666666665,0.11666666666666665,0.0,0.0,0.0,0.0,0.0,0.0,0.11666666666666665
2019-09-25,0.11666666666666665,0.11666666666666665,0.0,0.0,0.0,0.0,0.0,0.0,0.11666666666666665
2019-09-26,0.11666666666666665,0.11666666666666665,0.0,0.0,0.0,0.0,0.0,0.0,0.11666666666666665
2019-09-27,0.11666666666666665,0.11666666666666665,0.0,0.0,0.0,0.0,0.0,0.0,0.11666666666666665
2019-09-30,0.11666666666666665,0.11666666666666665,0.0,0.0,0.0,0.0,0.0,0.0,0.11666666666666665
2019-10-01,0.11666666666666665,0.11666666666666665,0.0,0.0,0.0,0.0,0.0,0.0,0.11666666666666665
2019-10-02,0.11666666666666665,0.11666666666666665,0.0,0.0,0.0,0.0,0.0,0.0,0.11666666666666665
2019-10-03,0.11666666666666665,0.11666666666666665,0.0,0.0,0.0,0.0,0.0,0.0,0.11666666666666665
2019-10-04,0.11666666666666665,0.11666666666666665,0.0,0.0,0.0,0.0,0.0,0.0,0.11666666666666665
2019-10-07,0.11666666666666665,0.11666666666666665,0.0,0.0,0.0,0.0,0.0,0.0,0.11666666666666665
2019-10-08,0.11666666666666665,0.11666666666666665,0.0,0.0,0.0,0.0,0.0,0.0,0.11666666666666665
2019-10-09,0.11666666666666665,0.11666666666666665,0.0,0.0,0.0,0.0,0.0,0.0,0.11666666666666665
2019-10-10,0.11666666666666665,0.11666666666666665,0.0,0.0,0.0,0.0,0.0,0.0,0.11666666666666665
2019-10-11,0.11666666666666665,0.11666666666666665,0.0,0.0,0.0,0.0,0.0,0.0,0.11666666666666665
2019-10-14,0.11666666666666665,0.11666666666666665,0.0,0.0,0.0,0.0,0.0,0.0,0.11666666666666665
2019-10-15,0.11666666666666665,0.11666666666666665,0.0,0.0,0.0,0.0,0.0,0.0,0.11666666666666665
2019-10-16,0.11666666666666665,0.11666666666666665,0.0,0.0,0.0,0.0,0.0,0.0,0.11666666666666665
2019-10-17,0.11666666666666665,0.11666666666666665,0.0,0.0,0.0,0.0,0.0,0.0,0.11666666666666665
2019-10-18,0.11666666666666665,0.11666666666666665,0.0,0.0,0.0,0.0,0.0,0.0,0.11666666666666665
2019-10-21,0.11666666666666665,0.11666666666666665,0.0,0.0,0.0,0.0,0.0,0.0,0.11666666666666665
2019-10-22,0.11666666666666665,0.11666666666666665,0.0,0.0,0.0,0.0,0.0,0.0,0.11666666666666665
2019-10-23,0.11666666666666665,0.11666666666666665,0.0,0.0,0.0,0.0,0.0,0.0,0.11666666666666665
2019-10-24,0.11666666666666665,0.11666666666666665,0.0,0.0,0.0,0.0,0.0,0.0,0.11666666666666665
2019-10-25,0.11666666666666665,0.11666666666666665,0.0,0.0,0.0,0.0,0.0,0.0,0.11666666666666665
2019-10-28,0.11666666666666665,0.11666666666666665,0.0,0.0,0.0,0.0,0.0,0.0,0.11666666666666665
2019-10-29,0.11666666666666665,0.11666666666666665,0.0,0.0,0.0,0.0,0.0,0.0,0.11666666666666665
2019-10-30,0.11666666666666665,0.11666666666666665,0.0,0.0,0.0,0.0,0.0,0.0,0.11666666666666665
2019-10-31,0.11666666666666665,0.11666666666666665,0.0,0.0,0.0,0.0,0.0,0.0,0.11666666666666665
2019-11-01,0.11666666666666665,0.11666666666666665,0.0,0.0,0.0,0.0,0.0,0.0,0.11666666666666665
2019-11-04,0.11666666666666665,0.11666666666666665,0.0,0.0,0.0,0.0,0.0,0.0,0.11666666666666665
2019-11-05,0.11666666666666665,0.11666666666666665,0.0,0.0,0.0,0.0,0.0,0.0,0.11666666666666665
2019-11-06,0.11666666666666665,0.11666666666666665,0.0,0.0,0.0,0.0,0.0,0.0,0.11666666666666665
2019-11-07,0.11666666666666665,0.11666666666666665,0.0,0.0,0.0,0.0,0.0,0.0,0.11666666666666665
2019-11-08,0.11666666666666665,0.11666666666666665,0.0,0.0,0.0,0.0,0.0,0.0,0.11666666666666665
2019-11-11,0.11666666666666665,0.11666666666666665,0.0,0.0,0.0,0.0,0.0,0.0,0.11666666666666665
2019-11-12,0.11666666666666665,0.11666666666666665,0.0,0.0,0.0,0.0,0.0,0.0,0.11666666666666665
2019-11-13,0.11666666666666665,0.11666666666666665,0.0,0.0,0.0,0.0,0.0,0.0,0.11666666666666665
2019-11-14,0.11666666666666665,0.11666666666666665,0.0,0.0,0.0,0.0,0.0,0.0,0.11666666666666665
2019-11-15,0.11666666666666665,0.11666666666666665,0.0,0.0,0.0,0.0,0.0,0.0,0.11666666666666665
2019-11-18,0.11666666666666665,0.11666666666666665,0.0,0.0,0.0,0.0,0.0,0.0,0.11666666666666665
2019-11-19,0.11666666666666665,0.11666666666666665,0.0,0.0,0.0,0.0,0.0,0.0,0.11666666666666665
2019-11-20,0.11666666666666665,0.11666666666666665,0.0,0.0,0.0,0.0,0.0,0.0,0.11666666666666665
2019-11-21,0.11666666666666665,0.11666666666666665,0.0,0.0,0.0,0.0,0.0,0.0,0.11666666666666665
2019-11-22,0.11666666666666665,0.11666666666666665,0.0,0.0,0.0,0.0,0.0,0.0,0.11666666666666665
2019-11-25,0.11666666666666665,0.11666666666666665,0.0,0.0,0.0,0.0,0.0,0.0,0.11666666666666665
2019-11-26,0.11666666666666665,0.11666666666666665,0.0,0.0,0.0,0.0,0.0,0.0,0.11666666666666665
2019-11-27,0.11666666666666665,0.11666666666666665,0.0,0.0,0.0,0.0,0.0,0.0,0.11666666666666665
2019-11-29,0.11666666666666665,0.11666666666666665,0.0,0.0,0.0,0.0,0.0,0.0,0.11666666666666665
2019-12-02,0.11666666666666665,0.11666666666666665,0.0,0.25,0.0,0.0,0.0,0.0,0.11666666666666665
2019-12-03,0.11666666666666665,0.11666666666666665,0.0,0.25,0.0,0.0,0.0,0.0,0.11666666666666665
2019-12-04,0.11666666666666665,0.11666666666666665,0.0,0.25,0.0,0.0,0.0,0.0,0.11666666666666665
2019-12-05,0.11666666666666665,0.11666666666666665,0.0,0.25,0.0,0.0,0.0,0.0,0.11666666666666665
2019-12-06,0.11666666666666665,0.11666666666666665,0.0,0.25,0.0,0.0,0.0,0.0,0.11666666666666665
2019-12-09,0.11666666666666665,0.11666666666666665,0.0,0.25,0.0,0.0,0.0,0.0,0.11666666666666665
2019-12-10,0.11666666666666665,0.11666666666666665,0.0,0.25,0.0,0.0,0.0,0.0,0.11666666666666665
2019-12-11,0.11666666666666665,0.11666666666666665,0.0,0.25,0.0,0.0,0.0,0.0,0.11666666666666665
2019-12-12,0.11666666666666665,0.11666666666666665,0.0,0.25,0.0,0.0,0.0,0.0,0.11666666666666665
2019-12-13,0.11666666666666665,0.11666666666666665,0.0,0.25,0.0,0.0,0.0,0.0,0.11666666666666665
2019-12-16,0.13583734255991078,0.1093294253252648,0.17334965350530995,0.17665034649469002,0.0,0.0,0.0,0.0,0.10483323211482437
2019-12-17,0.13583734255991078,0.1093294253252648,0.17334965350530995,0.17665034649469002,0.0,0.0,0.0,0.0,0.10483323211482437
2019-12-18,0.13583734255991078,0.1093294253252648,0.17334965350530995,0.17665034649469002,0.0,0.0,0.0,0.0,0.10483323211482437
2019-12-19,0.13583734255991078,0.1093294253252648,0.17334965350530995,0.17665034649469002,0.0,0.0,0.0,0.0,0.10483323211482437
2019-12-20,0.13583734255991078,0.1093294253252648,0.17334965350530995,0.17665034649469002,0.0,0.0,0.0,0.0,0.10483323211482437
2019-12-23,0.13583734255991078,0.1093294253252648,0.17334965350530995,0.17665034649469002,0.0,0.0,0.0,0.0,0.10483323211482437
2019-12-24,0.13583734255991078,0.1093294253252648,0.17334965350530995,0.17665034649469002,0.0,0.0,0.0,0.0,0.10483323211482437
2019-12-26,0.13583734255991078,0.1093294253252648,0.17334965350530995,0.17665034649469002,0.0,0.0,0.0,0.0,0.10483323211482437
2019-12-27,0.13583734255991078,0.1093294253252648,0.17334965350530995,0.17665034649469002,0.0,0.0,0.0,0.0,0.10483323211482437
2019-12-30,0.13583734255991078,0.1093294253252648,0.17334965350530995,0.17665034649469002,0.0,0.0,0.0,0.0,0.10483323211482437
2019-12-31,0.13583734255991078,0.1093294253252648,0.17334965350530995,0.17665034649469002,0.0,0.0,0.0,0.0,0.10483323211482437
2020-01-02,0.13225034583563006,0.11946769435611161,0.16712642771873792,0.171249593552684,0.0,0.0,0.0,0.0,0.0982819598082583
2020-01-03,0.13225034583563006,0.11946769435611161,0.16712642771873792,0.171249593552684,0.0,0.0,0.0,0.0,0.0982819598082583
2020-01-06,0.13225034583563006,0.11946769435611161,0.16712642771873792,0.171249593552684,0.0,0.0,0.0,0.0,0.0982819598082583
2020-01-07,0.13225034583563006,0.11946769435611161,0.16712642771873792,0.171249593552684,0.0,0.0,0.0,0.0,0.0982819598082583
2020-01-08,0.13225034583563006,0.11946769435611161,0.16712642771873792,0.171249593552684,0.0,0.0,0.0,0.0,0.0982819598082583
2020-01-09,0.13225034583563006,0.11946769435611161,0.16712642771873792,0.171249593552684,0.0,0.0,0.0,0.0,0.0982819598082583
2020-01-10,0.13225034583563006,0.11946769435611161,0.16712642771873792,0.171249593552684,0.0,0.0,0.0,0.0,0.0982819598082583
2020-01-13,0.13225034583563006,0.11946769435611161,0.16712642771873792,0.171249593552684,0.0,0.0,0.0,0.0,0.0982819598082583
2020-01-14,0.13225034583563006,0.11946769435611161,0.16712642771873792,0.171249593552684,0.0,0.0,0.0,0.0,0.0982819598082583
2020-01-15,0.13225034583563006,0.11946769435611161,0.16712642771873792,0.171249593552684,0.0,0.0,0.0,0.0,0.0982819598082583
2020-01-16,0.13225034583563006,0.11946769435611161,0.16712642771873792,0.171249593552684,0.0,0.0,0.0,0.0,0.0982819598082583
2020-01-17,0.13225034583563006,0.11946769435611161,0.16712642771873792,0.171249593552684,0.0,0.0,0.0,0.0,0.0982819598082583
2020-01-21,0.13225034583563006,0.11946769435611161,0.16712642771873792,0.171249593552684,0.0,0.0,0.0,0.0,0.0982819598082583
2020-01-22,0.13225034583563006,0.11946769435611161,0.16712642771873792,0.171249593552684,0.0,0.0,0.0,0.0,0.0982819598082583
2020-01-23,0.13225034583563006,0.11946769435611161,0.16712642771873792,0.171249593552684,0.0,0.0,0.0,0.0,0.0982819598082583
2020-01-24,0.13225034583563006,0.11946769435611161,0.16712642771873792,0.171249593552684,0.0,0.0,0.0,0.0,0.0982819598082583
2020-01-27,0.13225034583563006,0.11946769435611161,0.16712642771873792,0.171249593552684,0.0,0.0,0.0,0.0,0.0982819598082583
2020-01-28,0.13225034583563006,0.11946769435611161,0.16712642771873792,0.171249593552684,0.0,0.0,0.0,0.0,0.0982819598082583
2020-01-29,0.13225034583563006,0.11946769435611161,0.16712642771873792,0.171249593552684,0.0,0.0,0.0,0.0,0.0982819598082583
2020-01-30,0.13225034583563006,0.11946769435611161,0.16712642771873792,0.171249593552684,0.0,0.0,0.0,0.0,0.0982819598082583
2020-01-31,0.13225034583563006,0.11946769435611161,0.16712642771873792,0.171249593552684,0.0,0.0,0.0,0.0,0.0982819598082583
2020-02-03,0.11666666666666665,0.11666666666666665,0.0,0.0,0.0,0.0,0.0,0.0,0.11666666666666665
2020-02-04,0.11666666666666665,0.11666666666666665,0.0,0.0,0.0,0.0,0.0,0.0,0.11666666666666665
2020-02-05,0.11666666666666665,0.11666666666666665,0.0,0.0,0.0,0.0,0.0,0.0,0.11666666666666665
2020-02-06,0.11666666666666665,0.11666666666666665,0.0,0.0,0.0,0.0,0.0,0.0,0.11666666666666665
2020-02-07,0.11666666666666665,0.11666666666666665,0.0,0.0,0.0,0.0,0.0,0.0,0.11666666666666665
2020-02-10,0.11666666666666665,0.11666666666666665,0.0,0.0,0.0,0.0,0.0,0.0,0.11666666666666665
2020-02-11,0.11666666666666665,0.11666666666666665,0.0,0.0,0.0,0.0,0.0,0.0,0.11666666666666665
2020-02-12,0.11666666666666665,0.11666666666666665,0.0,0.0,0.0,0.0,0.0,0.0,0.11666666666666665
2020-02-13,0.11666666666666665,0.11666666666666665,0.0,0.0,0.0,0.0,0.0,0.0,0.11666666666666665
2020-02-14,0.11666666666666665,0.11666666666666665,0.0,0.0,0.0,0.0,0.0,0.0,0.11666666666666665
2020-02-18,0.11666666666666665,0.11666666666666665,0.0,0.0,0.0,0.0,0.0,0.0,0.11666666666666665
2020-02-19,0.11666666666666665,0.11666666666666665,0.0,0.0,0.0,0.0,0.0,0.0,0.11666666666666665
2020-02-20,0.11666666666666665,0.11666666666666665,0.0,0.0,0.0,0.0,0.0,0.0,0.11666666666666665
2020-02-21,0.11666666666666665,0.11666666666666665,0.0,0.0,0.0,0.0,0.0,0.0,0.11666666666666665
2020-02-24,0.11666666666666665,0.11666666666666665,0.0,0.0,0.0,0.0,0.0,0.0,0.11666666666666665
2020-02-25,0.11666666666666665,0.11666666666666665,0.0,0.0,0.0,0.0,0.0,0.0,0.11666666666666665
2020-02-26,0.11666666666666665,0.11666666666666665,0.0,0.0,0.0,0.0,0.0,0.0,0.11666666666666665
2020-02-27,0.11666666666666665,0.11666666666666665,0.0,0.0,0.0,0.0,0.0,0.0,0.11666666666666665
2020-02-28,0.11666666666666665,0.11666666666666665,0.0,0.0,0.0,0.0,0.0,0.0,0.11666666666666665
2020-03-02,0.25,0.0,0.0,0.0,0.0,0.0,0.0,0.0,0.0
2020-03-03,0.25,0.0,0.0,0.0,0.0,0.0,0.0,0.0,0.0
2020-03-04,0.25,0.0,0.0,0.0,0.0,0.0,0.0,0.0,0.0
2020-03-05,0.25,0.0,0.0,0.0,0.0,0.0,0.0,0.0,0.0
2020-03-06,0.25,0.0,0.0,0.0,0.0,0.0,0.0,0.0,0.0
2020-03-09,0.25,0.0,0.0,0.0,0.0,0.0,0.0,0.0,0.0
2020-03-10,0.25,0.0,0.0,0.0,0.0,0.0,0.0,0.0,0.0
2020-03-11,0.25,0.0,0.0,0.0,0.0,0.0,0.0,0.0,0.0
2020-03-12,0.25,0.0,0.0,0.0,0.0,0.0,0.0,0.0,0.0
2020-03-13,0.25,0.0,0.0,0.0,0.0,0.0,0.0,0.0,0.0
2020-03-16,0.25,0.0,0.0,0.0,0.0,0.0,0.0,0.0,0.0
2020-03-17,0.25,0.0,0.0,0.0,0.0,0.0,0.0,0.0,0.0
2020-03-18,0.25,0.0,0.0,0.0,0.0,0.0,0.0,0.0,0.0
2020-03-19,0.25,0.0,0.0,0.0,0.0,0.0,0.0,0.0,0.0
2020-03-20,0.25,0.0,0.0,0.0,0.0,0.0,0.0,0.0,0.0
2020-03-23,0.25,0.0,0.0,0.0,0.0,0.0,0.0,0.0,0.0
2020-03-24,0.25,0.0,0.0,0.0,0.0,0.0,0.0,0.0,0.0
2020-03-25,0.25,0.0,0.0,0.0,0.0,0.0,0.0,0.0,0.0
2020-03-26,0.25,0.0,0.0,0.0,0.0,0.0,0.0,0.0,0.0
2020-03-27,0.25,0.0,0.0,0.0,0.0,0.0,0.0,0.0,0.0
2020-03-30,0.25,0.0,0.0,0.0,0.0,0.0,0.0,0.0,0.0
2020-03-31,0.25,0.0,0.0,0.0,0.0,0.0,0.0,0.0,0.0
2020-04-01,0.25,0.0,0.0,0.0,0.0,0.0,0.0,0.0,0.0
2020-04-02,0.25,0.0,0.0,0.0,0.0,0.0,0.0,0.0,0.0
2020-04-03,0.25,0.0,0.0,0.0,0.0,0.0,0.0,0.0,0.0
2020-04-06,0.25,0.0,0.0,0.0,0.0,0.0,0.0,0.0,0.0
2020-04-07,0.25,0.0,0.0,0.0,0.0,0.0,0.0,0.0,0.0
2020-04-08,0.25,0.0,0.0,0.0,0.0,0.0,0.0,0.0,0.0
2020-04-09,0.25,0.0,0.0,0.0,0.0,0.0,0.0,0.0,0.0
2020-04-13,0.25,0.0,0.0,0.0,0.0,0.0,0.0,0.0,0.0
2020-04-14,0.25,0.0,0.0,0.0,0.0,0.0,0.0,0.0,0.0
2020-04-15,0.25,0.0,0.0,0.0,0.0,0.0,0.0,0.0,0.0
2020-04-16,0.25,0.0,0.0,0.0,0.0,0.0,0.0,0.0,0.0
2020-04-17,0.25,0.0,0.0,0.0,0.0,0.0,0.0,0.0,0.0
2020-04-20,0.25,0.0,0.0,0.0,0.0,0.0,0.0,0.0,0.0
2020-04-21,0.25,0.0,0.0,0.0,0.0,0.0,0.0,0.0,0.0
2020-04-22,0.25,0.0,0.0,0.0,0.0,0.0,0.0,0.0,0.0
2020-04-23,0.25,0.0,0.0,0.0,0.0,0.0,0.0,0.0,0.0
2020-04-24,0.25,0.0,0.0,0.0,0.0,0.0,0.0,0.0,0.0
2020-04-27,0.25,0.0,0.0,0.0,0.0,0.0,0.0,0.0,0.0
2020-04-28,0.25,0.0,0.0,0.0,0.0,0.0,0.0,0.0,0.0
2020-04-29,0.25,0.0,0.0,0.0,0.0,0.0,0.0,0.0,0.0
2020-04-30,0.25,0.0,0.0,0.0,0.0,0.0,0.0,0.0,0.0
2020-05-01,0.25,0.0,0.0,0.0,0.0,0.0,0.0,0.0,0.0
2020-05-04,0.25,0.0,0.0,0.0,0.0,0.0,0.0,0.0,0.0
2020-05-05,0.25,0.0,0.0,0.0,0.0,0.0,0.0,0.0,0.0
2020-05-06,0.25,0.0,0.0,0.0,0.0,0.0,0.0,0.0,0.0
2020-05-07,0.25,0.0,0.0,0.0,0.0,0.0,0.0,0.0,0.0
2020-05-08,0.25,0.0,0.0,0.0,0.0,0.0,0.0,0.0,0.0
2020-05-11,0.25,0.0,0.0,0.0,0.0,0.0,0.0,0.0,0.0
2020-05-12,0.25,0.0,0.0,0.0,0.0,0.0,0.0,0.0,0.0
2020-05-13,0.25,0.0,0.0,0.0,0.0,0.0,0.0,0.0,0.0
2020-05-14,0.25,0.0,0.0,0.0,0.0,0.0,0.0,0.0,0.0
2020-05-15,0.25,0.0,0.0,0.0,0.0,0.0,0.0,0.0,0.0
2020-05-18,0.25,0.0,0.0,0.0,0.0,0.0,0.0,0.0,0.0
2020-05-19,0.25,0.0,0.0,0.0,0.0,0.0,0.0,0.0,0.0
2020-05-20,0.25,0.0,0.0,0.0,0.0,0.0,0.0,0.0,0.0
2020-05-21,0.25,0.0,0.0,0.0,0.0,0.0,0.0,0.0,0.0
2020-05-22,0.25,0.0,0.0,0.0,0.0,0.0,0.0,0.0,0.0
2020-05-26,0.25,0.0,0.0,0.0,0.0,0.0,0.0,0.0,0.0
2020-05-27,0.25,0.0,0.0,0.0,0.0,0.0,0.0,0.0,0.0
2020-05-28,0.25,0.0,0.0,0.0,0.0,0.0,0.0,0.0,0.0
2020-05-29,0.25,0.0,0.0,0.0,0.0,0.0,0.0,0.0,0.0
2020-06-01,0.175,0.175,0.0,0.0,0.0,0.0,0.0,0.0,0.0
2020-06-02,0.175,0.175,0.0,0.0,0.0,0.0,0.0,0.0,0.0
2020-06-03,0.175,0.175,0.0,0.0,0.0,0.0,0.0,0.0,0.0
2020-06-04,0.175,0.175,0.0,0.0,0.0,0.0,0.0,0.0,0.0
2020-06-05,0.175,0.175,0.0,0.0,0.0,0.0,0.0,0.0,0.0
2020-06-08,0.175,0.175,0.0,0.0,0.0,0.0,0.0,0.0,0.0
2020-06-09,0.175,0.175,0.0,0.0,0.0,0.0,0.0,0.0,0.0
2020-06-10,0.175,0.175,0.0,0.0,0.0,0.0,0.0,0.0,0.0
2020-06-11,0.175,0.175,0.0,0.0,0.0,0.0,0.0,0.0,0.0
2020-06-12,0.175,0.175,0.0,0.0,0.0,0.0,0.0,0.0,0.0
2020-06-15,0.175,0.175,0.0,0.0,0.0,0.0,0.0,0.0,0.0
2020-06-16,0.175,0.175,0.0,0.0,0.0,0.0,0.0,0.0,0.0
2020-06-17,0.175,0.175,0.0,0.0,0.0,0.0,0.0,0.0,0.0
2020-06-18,0.175,0.175,0.0,0.0,0.0,0.0,0.0,0.0,0.0
2020-06-19,0.175,0.175,0.0,0.0,0.0,0.0,0.0,0.0,0.0
2020-06-22,0.175,0.175,0.0,0.0,0.0,0.0,0.0,0.0,0.0
2020-06-23,0.175,0.175,0.0,0.0,0.0,0.0,0.0,0.0,0.0
2020-06-24,0.175,0.175,0.0,0.0,0.0,0.0,0.0,0.0,0.0
2020-06-25,0.175,0.175,0.0,0.0,0.0,0.0,0.0,0.0,0.0
2020-06-26,0.175,0.175,0.0,0.0,0.0,0.0,0.0,0.0,0.0
2020-06-29,0.175,0.175,0.0,0.0,0.0,0.0,0.0,0.0,0.0
2020-06-30,0.175,0.175,0.0,0.0,0.0,0.0,0.0,0.0,0.0
2020-07-01,0.175,0.175,0.0,0.0,0.0,0.0,0.0,0.0,0.0
2020-07-02,0.175,0.175,0.0,0.0,0.0,0.0,0.0,0.0,0.0
2020-07-06,0.175,0.175,0.0,0.0,0.0,0.0,0.0,0.0,0.0
2020-07-07,0.175,0.175,0.0,0.0,0.0,0.0,0.0,0.0,0.0
2020-07-08,0.175,0.175,0.0,0.0,0.0,0.0,0.0,0.0,0.0
2020-07-09,0.175,0.175,0.0,0.0,0.0,0.0,0.0,0.0,0.0
2020-07-10,0.175,0.175,0.0,0.0,0.0,0.0,0.0,0.0,0.0
2020-07-13,0.175,0.175,0.0,0.0,0.0,0.0,0.0,0.0,0.0
2020-07-14,0.175,0.175,0.0,0.0,0.0,0.0,0.0,0.0,0.0
2020-07-15,0.175,0.175,0.0,0.0,0.0,0.0,0.0,0.0,0.0
2020-07-16,0.175,0.175,0.0,0.0,0.0,0.0,0.0,0.0,0.0
2020-07-17,0.175,0.175,0.0,0.0,0.0,0.0,0.0,0.0,0.0
2020-07-20,0.175,0.175,0.0,0.0,0.0,0.0,0.0,0.0,0.0
2020-07-21,0.175,0.175,0.0,0.0,0.0,0.0,0.0,0.0,0.0
2020-07-22,0.175,0.175,0.0,0.0,0.0,0.0,0.0,0.0,0.0
2020-07-23,0.175,0.175,0.0,0.0,0.0,0.0,0.0,0.0,0.0
2020-07-24,0.175,0.175,0.0,0.0,0.0,0.0,0.0,0.0,0.0
2020-07-27,0.175,0.175,0.0,0.0,0.0,0.0,0.0,0.0,0.0
2020-07-28,0.175,0.175,0.0,0.0,0.0,0.0,0.0,0.0,0.0
2020-07-29,0.175,0.175,0.0,0.0,0.0,0.0,0.0,0.0,0.0
2020-07-30,0.175,0.175,0.0,0.0,0.0,0.0,0.0,0.0,0.0
2020-07-31,0.175,0.175,0.0,0.0,0.0,0.0,0.0,0.0,0.0
2020-08-03,0.175,0.175,0.0,0.0,0.0,0.0,0.175,0.175,0.0
2020-08-04,0.175,0.175,0.0,0.0,0.0,0.0,0.175,0.175,0.0
2020-08-05,0.175,0.175,0.0,0.0,0.0,0.0,0.175,0.175,0.0
2020-08-06,0.175,0.175,0.0,0.0,0.0,0.0,0.175,0.175,0.0
2020-08-07,0.175,0.175,0.0,0.0,0.0,0.0,0.175,0.175,0.0
2020-08-10,0.175,0.175,0.0,0.0,0.0,0.0,0.175,0.175,0.0
2020-08-11,0.175,0.175,0.0,0.0,0.0,0.0,0.175,0.175,0.0
2020-08-12,0.175,0.175,0.0,0.0,0.0,0.0,0.175,0.175,0.0
2020-08-13,0.175,0.175,0.0,0.0,0.0,0.0,0.175,0.175,0.0
2020-08-14,0.175,0.175,0.0,0.0,0.0,0.0,0.175,0.175,0.0
2020-08-17,0.175,0.175,0.0,0.0,0.0,0.0,0.175,0.175,0.0
2020-08-18,0.175,0.175,0.0,0.0,0.0,0.0,0.175,0.175,0.0
2020-08-19,0.175,0.175,0.0,0.0,0.0,0.0,0.175,0.175,0.0
2020-08-20,0.175,0.175,0.0,0.0,0.0,0.0,0.175,0.175,0.0
2020-08-21,0.175,0.175,0.0,0.0,0.0,0.0,0.175,0.175,0.0
2020-08-24,0.175,0.175,0.0,0.0,0.0,0.0,0.175,0.175,0.0
2020-08-25,0.175,0.175,0.0,0.0,0.0,0.0,0.175,0.175,0.0
2020-08-26,0.175,0.175,0.0,0.0,0.0,0.0,0.175,0.175,0.0
2020-08-27,0.175,0.175,0.0,0.0,0.0,0.0,0.175,0.175,0.0
2020-08-28,0.175,0.175,0.0,0.0,0.0,0.0,0.175,0.175,0.0
2020-08-31,0.175,0.175,0.0,0.0,0.0,0.0,0.175,0.175,0.0
2020-09-01,0.172419648766863,0.06570144265550532,0.0,0.0,0.0,0.0,0.17765875726263705,0.1723412427373629,0.11187890857763168
2020-09-02,0.172419648766863,0.06570144265550532,0.0,0.0,0.0,0.0,0.17765875726263705,0.1723412427373629,0.11187890857763168
2020-09-03,0.172419648766863,0.06570144265550532,0.0,0.0,0.0,0.0,0.17765875726263705,0.1723412427373629,0.11187890857763168
2020-09-04,0.172419648766863,0.06570144265550532,0.0,0.0,0.0,0.0,0.17765875726263705,0.1723412427373629,0.11187890857763168
2020-09-08,0.172419648766863,0.06570144265550532,0.0,0.0,0.0,0.0,0.17765875726263705,0.1723412427373629,0.11187890857763168
2020-09-09,0.172419648766863,0.06570144265550532,0.0,0.0,0.0,0.0,0.17765875726263705,0.1723412427373629,0.11187890857763168
2020-09-10,0.172419648766863,0.06570144265550532,0.0,0.0,0.0,0.0,0.17765875726263705,0.1723412427373629,0.11187890857763168
2020-09-11,0.172419648766863,0.06570144265550532,0.0,0.0,0.0,0.0,0.17765875726263705,0.1723412427373629,0.11187890857763168
2020-09-14,0.172419648766863,0.06570144265550532,0.0,0.0,0.0,0.0,0.17765875726263705,0.1723412427373629,0.11187890857763168
2020-09-15,0.172419648766863,0.06570144265550532,0.0,0.0,0.0,0.0,0.17765875726263705,0.1723412427373629,0.11187890857763168
2020-09-16,0.172419648766863,0.06570144265550532,0.0,0.0,0.0,0.0,0.17765875726263705,0.1723412427373629,0.11187890857763168
2020-09-17,0.172419648766863,0.06570144265550532,0.0,0.0,0.0,0.0,0.17765875726263705,0.1723412427373629,0.11187890857763168
2020-09-18,0.172419648766863,0.06570144265550532,0.0,0.0,0.0,0.0,0.17765875726263705,0.1723412427373629,0.11187890857763168
2020-09-21,0.172419648766863,0.06570144265550532,0.0,0.0,0.0,0.0,0.17765875726263705,0.1723412427373629,0.11187890857763168
2020-09-22,0.172419648766863,0.06570144265550532,0.0,0.0,0.0,0.0,0.17765875726263705,0.1723412427373629,0.11187890857763168
2020-09-23,0.172419648766863,0.06570144265550532,0.0,0.0,0.0,0.0,0.17765875726263705,0.1723412427373629,0.11187890857763168
2020-09-24,0.172419648766863,0.06570144265550532,0.0,0.0,0.0,0.0,0.17765875726263705,0.1723412427373629,0.11187890857763168
2020-09-25,0.172419648766863,0.06570144265550532,0.0,0.0,0.0,0.0,0.17765875726263705,0.1723412427373629,0.11187890857763168
2020-09-28,0.172419648766863,0.06570144265550532,0.0,0.0,0.0,0.0,0.17765875726263705,0.1723412427373629,0.11187890857763168
2020-09-29,0.172419648766863,0.06570144265550532,0.0,0.0,0.0,0.0,0.17765875726263705,0.1723412427373629,0.11187890857763168
2020-09-30,0.172419648766863,0.06570144265550532,0.0,0.0,0.0,0.0,0.17765875726263705,0.1723412427373629,0.11187890857763168
2020-10-01,0.16988949993896038,0.06643300594483027,0.0,0.0,0.0,0.0,0.18042749689793305,0.1695725031020669,0.11367749411620932
2020-10-02,0.16988949993896038,0.06643300594483027,0.0,0.0,0.0,0.0,0.18042749689793305,0.1695725031020669,0.11367749411620932
2020-10-05,0.16988949993896038,0.06643300594483027,0.0,0.0,0.0,0.0,0.18042749689793305,0.1695725031020669,0.11367749411620932
2020-10-06,0.16988949993896038,0.06643300594483027,0.0,0.0,0.0,0.0,0.18042749689793305,0.1695725031020669,0.11367749411620932
2020-10-07,0.16988949993896038,0.06643300594483027,0.0,0.0,0.0,0.0,0.18042749689793305,0.1695725031020669,0.11367749411620932
2020-10-08,0.16988949993896038,0.06643300594483027,0.0,0.0,0.0,0.0,0.18042749689793305,0.1695725031020669,0.11367749411620932
2020-10-09,0.16988949993896038,0.06643300594483027,0.0,0.0,0.0,0.0,0.18042749689793305,0.1695725031020669,0.11367749411620932
2020-10-12,0.16988949993896038,0.06643300594483027,0.0,0.0,0.0,0.0,0.18042749689793305,0.1695725031020669,0.11367749411620932
2020-10-13,0.16988949993896038,0.06643300594483027,0.0,0.0,0.0,0.0,0.18042749689793305,0.1695725031020669,0.11367749411620932
2020-10-14,0.16988949993896038,0.06643300594483027,0.0,0.0,0.0,0.0,0.18042749689793305,0.1695725031020669,0.11367749411620932
2020-10-15,0.16988949993896038,0.06643300594483027,0.0,0.0,0.0,0.0,0.18042749689793305,0.1695725031020669,0.11367749411620932
2020-10-16,0.16988949993896038,0.06643300594483027,0.0,0.0,0.0,0.0,0.18042749689793305,0.1695725031020669,0.11367749411620932
2020-10-19,0.16988949993896038,0.06643300594483027,0.0,0.0,0.0,0.0,0.18042749689793305,0.1695725031020669,0.11367749411620932
2020-10-20,0.16988949993896038,0.06643300594483027,0.0,0.0,0.0,0.0,0.18042749689793305,0.1695725031020669,0.11367749411620932
2020-10-21,0.16988949993896038,0.06643300594483027,0.0,0.0,0.0,0.0,0.18042749689793305,0.1695725031020669,0.11367749411620932
2020-10-22,0.16988949993896038,0.06643300594483027,0.0,0.0,0.0,0.0,0.18042749689793305,0.1695725031020669,0.11367749411620932
2020-10-23,0.16988949993896038,0.06643300594483027,0.0,0.0,0.0,0.0,0.18042749689793305,0.1695725031020669,0.11367749411620932
2020-10-26,0.16988949993896038,0.06643300594483027,0.0,0.0,0.0,0.0,0.18042749689793305,0.1695725031020669,0.11367749411620932
2020-10-27,0.16988949993896038,0.06643300594483027,0.0,0.0,0.0,0.0,0.18042749689793305,0.1695725031020669,0.11367749411620932
2020-10-28,0.16988949993896038,0.06643300594483027,0.0,0.0,0.0,0.0,0.18042749689793305,0.1695725031020669,0.11367749411620932
2020-10-29,0.16988949993896038,0.06643300594483027,0.0,0.0,0.0,0.0,0.18042749689793305,0.1695725031020669,0.11367749411620932
2020-10-30,0.16988949993896038,0.06643300594483027,0.0,0.0,0.0,0.0,0.18042749689793305,0.1695725031020669,0.11367749411620932
2020-11-02,0.23354586965775678,0.08582428965302687,0.0,0.0,0.0,0.25,0.20319074929864964,0.14680925070135034,0.0
2020-11-03,0.23354586965775678,0.08582428965302687,0.0,0.0,0.0,0.25,0.20319074929864964,0.14680925070135034,0.0
2020-11-04,0.23354586965775678,0.08582428965302687,0.0,0.0,0.0,0.25,0.20319074929864964,0.14680925070135034,0.0
2020-11-05,0.23354586965775678,0.08582428965302687,0.0,0.0,0.0,0.25,0.20319074929864964,0.14680925070135034,0.0
2020-11-06,0.23354586965775678,0.08582428965302687,0.0,0.0,0.0,0.25,0.20319074929864964,0.14680925070135034,0.0
2020-11-09,0.23354586965775678,0.08582428965302687,0.0,0.0,0.0,0.25,0.20319074929864964,0.14680925070135034,0.0
2020-11-10,0.23354586965775678,0.08582428965302687,0.0,0.0,0.0,0.25,0.20319074929864964,0.14680925070135034,0.0
2020-11-11,0.23354586965775678,0.08582428965302687,0.0,0.0,0.0,0.25,0.20319074929864964,0.14680925070135034,0.0
2020-11-12,0.23354586965775678,0.08582428965302687,0.0,0.0,0.0,0.25,0.20319074929864964,0.14680925070135034,0.0
2020-11-13,0.23354586965775678,0.08582428965302687,0.0,0.0,0.0,0.25,0.20319074929864964,0.14680925070135034,0.0
2020-11-16,0.23354586965775678,0.08582428965302687,0.0,0.0,0.0,0.25,0.20319074929864964,0.14680925070135034,0.0
2020-11-17,0.23354586965775678,0.08582428965302687,0.0,0.0,0.0,0.25,0.20319074929864964,0.14680925070135034,0.0
2020-11-18,0.23354586965775678,0.08582428965302687,0.0,0.0,0.0,0.25,0.20319074929864964,0.14680925070135034,0.0
2020-11-19,0.23354586965775678,0.08582428965302687,0.0,0.0,0.0,0.25,0.20319074929864964,0.14680925070135034,0.0
2020-11-20,0.23354586965775678,0.08582428965302687,0.0,0.0,0.0,0.25,0.20319074929864964,0.14680925070135034,0.0
2020-11-23,0.23354586965775678,0.08582428965302687,0.0,0.0,0.0,0.25,0.20319074929864964,0.14680925070135034,0.0
2020-11-24,0.23354586965775678,0.08582428965302687,0.0,0.0,0.0,0.25,0.20319074929864964,0.14680925070135034,0.0
2020-11-25,0.23354586965775678,0.08582428965302687,0.0,0.0,0.0,0.25,0.20319074929864964,0.14680925070135034,0.0
2020-11-27,0.23354586965775678,0.08582428965302687,0.0,0.0,0.0,0.25,0.20319074929864964,0.14680925070135034,0.0
2020-11-30,0.23354586965775678,0.08582428965302687,0.0,0.0,0.0,0.25,0.20319074929864964,0.14680925070135034,0.0
2020-12-01,0.0,0.12689382700479487,0.0,0.1300867554793025,0.0,0.0,0.1466162503795833,0.1466162503795833,0.1619229900289978
2020-12-02,0.0,0.12689382700479487,0.0,0.1300867554793025,0.0,0.0,0.1466162503795833,0.1466162503795833,0.1619229900289978
2020-12-03,0.0,0.12689382700479487,0.0,0.1300867554793025,0.0,0.0,0.1466162503795833,0.1466162503795833,0.1619229900289978
2020-12-04,0.0,0.12689382700479487,0.0,0.1300867554793025,0.0,0.0,0.1466162503795833,0.1466162503795833,0.1619229900289978
2020-12-07,0.0,0.12689382700479487,0.0,0.1300867554793025,0.0,0.0,0.1466162503795833,0.1466162503795833,0.1619229900289978
2020-12-08,0.0,0.12689382700479487,0.0,0.1300867554793025,0.0,0.0,0.1466162503795833,0.1466162503795833,0.1619229900289978
2020-12-09,0.0,0.12689382700479487,0.0,0.1300867554793025,0.0,0.0,0.1466162503795833,0.1466162503795833,0.1619229900289978
2020-12-10,0.0,0.12689382700479487,0.0,0.1300867554793025,0.0,0.0,0.1466162503795833,0.1466162503795833,0.1619229900289978
2020-12-11,0.0,0.12689382700479487,0.0,0.1300867554793025,0.0,0.0,0.1466162503795833,0.1466162503795833,0.1619229900289978
2020-12-14,0.0,0.12689382700479487,0.0,0.1300867554793025,0.0,0.0,0.1466162503795833,0.1466162503795833,0.1619229900289978
2020-12-15,0.0,0.12689382700479487,0.0,0.1300867554793025,0.0,0.0,0.1466162503795833,0.1466162503795833,0.1619229900289978
2020-12-16,0.0,0.14171657947145205,0.0,0.15356036413039148,0.0,0.0,0.16345912334466453,0.16345912334466453,0.17174912309719798
2020-12-17,0.0,0.14171657947145205,0.0,0.15356036413039148,0.0,0.0,0.16345912334466453,0.16345912334466453,0.17174912309719798
2020-12-18,0.0,0.14171657947145205,0.0,0.15356036413039148,0.0,0.0,0.16345912334466453,0.16345912334466453,0.17174912309719798
2020-12-21,0.0,0.14171657947145205,0.0,0.15356036413039148,0.0,0.0,0.16345912334466453,0.16345912334466453,0.17174912309719798
2020-12-22,0.0,0.14171657947145205,0.0,0.15356036413039148,0.0,0.0,0.16345912334466453,0.16345912334466453,0.17174912309719798
2020-12-23,0.0,0.14171657947145205,0.0,0.15356036413039148,0.0,0.0,0.16345912334466453,0.16345912334466453,0.17174912309719798
2020-12-24,0.0,0.14171657947145205,0.0,0.15356036413039148,0.0,0.0,0.16345912334466453,0.16345912334466453,0.17174912309719798
2020-12-28,0.0,0.14171657947145205,0.0,0.15356036413039148,0.0,0.0,0.16345912334466453,0.16345912334466453,0.17174912309719798
2020-12-29,0.0,0.14171657947145205,0.0,0.15356036413039148,0.0,0.0,0.16345912334466453,0.16345912334466453,0.17174912309719798
2020-12-30,0.0,0.14171657947145205,0.0,0.15356036413039148,0.0,0.0,0.16345912334466453,0.16345912334466453,0.17174912309719798
2020-12-31,0.0,0.14171657947145205,0.0,0.15356036413039148,0.0,0.0,0.16345912334466453,0.16345912334466453,0.17174912309719798
2021-01-04,0.0,0.11704710225143053,0.0,0.0,0.0,0.25,0.17763400052068976,0.17236599947931022,0.14036702036295878
2021-01-05,0.0,0.11704710225143053,0.0,0.0,0.0,0.25,0.17763400052068976,0.17236599947931022,0.14036702036295878
2021-01-06,0.0,0.11704710225143053,0.0,0.0,0.0,0.25,0.17763400052068976,0.17236599947931022,0.14036702036295878
2021-01-07,0.0,0.11704710225143053,0.0,0.0,0.0,0.25,0.17763400052068976,0.17236599947931022,0.14036702036295878
2021-01-08,0.0,0.11704710225143053,0.0,0.0,0.0,0.25,0.17763400052068976,0.17236599947931022,0.14036702036295878
2021-01-11,0.0,0.11704710225143053,0.0,0.0,0.0,0.25,0.17763400052068976,0.17236599947931022,0.14036702036295878
2021-01-12,0.0,0.11704710225143053,0.0,0.0,0.0,0.25,0.17763400052068976,0.17236599947931022,0.14036702036295878
2021-01-13,0.0,0.11704710225143053,0.0,0.0,0.0,0.25,0.17763400052068976,0.17236599947931022,0.14036702036295878
2021-01-14,0.0,0.11704710225143053,0.0,0.0,0.0,0.25,0.17763400052068976,0.17236599947931022,0.14036702036295878
2021-01-15,0.0,0.11704710225143053,0.0,0.0,0.0,0.25,0.17763400052068976,0.17236599947931022,0.14036702036295878
2021-01-19,0.0,0.11704710225143053,0.0,0.0,0.0,0.25,0.17763400052068976,0.17236599947931022,0.14036702036295878
2021-01-20,0.0,0.11704710225143053,0.0,0.0,0.0,0.25,0.17763400052068976,0.17236599947931022,0.14036702036295878
2021-01-21,0.0,0.11704710225143053,0.0,0.0,0.0,0.25,0.17763400052068976,0.17236599947931022,0.14036702036295878
2021-01-22,0.0,0.11704710225143053,0.0,0.0,0.0,0.25,0.17763400052068976,0.17236599947931022,0.14036702036295878
2021-01-25,0.0,0.11704710225143053,0.0,0.0,0.0,0.25,0.17763400052068976,0.17236599947931022,0.14036702036295878
2021-01-26,0.0,0.11704710225143053,0.0,0.0,0.0,0.25,0.17763400052068976,0.17236599947931022,0.14036702036295878
2021-01-27,0.0,0.11704710225143053,0.0,0.0,0.0,0.25,0.17763400052068976,0.17236599947931022,0.14036702036295878
2021-01-28,0.0,0.11704710225143053,0.0,0.0,0.0,0.25,0.17763400052068976,0.17236599947931022,0.14036702036295878
2021-01-29,0.0,0.11704710225143053,0.0,0.0,0.0,0.25,0.17763400052068976,0.17236599947931022,0.14036702036295878
2021-02-01,0.0,0.12463664060607073,0.14873689104998264,0.14188564287870878,0.0,0.0,0.0,0.2075875242347796,0.13870313634710438
2021-02-02,0.0,0.12463664060607073,0.14873689104998264,0.14188564287870878,0.0,0.0,0.0,0.2075875242347796,0.13870313634710438
2021-02-03,0.0,0.12463664060607073,0.14873689104998264,0.14188564287870878,0.0,0.0,0.0,0.2075875242347796,0.13870313634710438
2021-02-04,0.0,0.12463664060607073,0.14873689104998264,0.14188564287870878,0.0,0.0,0.0,0.2075875242347796,0.13870313634710438
2021-02-05,0.0,0.12463664060607073,0.14873689104998264,0.14188564287870878,0.0,0.0,0.0,0.2075875242347796,0.13870313634710438
2021-02-08,0.0,0.12463664060607073,0.14873689104998264,0.14188564287870878,0.0,0.0,0.0,0.2075875242347796,0.13870313634710438
2021-02-09,0.0,0.12463664060607073,0.14873689104998264,0.14188564287870878,0.0,0.0,0.0,0.2075875242347796,0.13870313634710438
2021-02-10,0.0,0.12463664060607073,0.14873689104998264,0.14188564287870878,0.0,0.0,0.0,0.2075875242347796,0.13870313634710438
2021-02-11,0.0,0.12463664060607073,0.14873689104998264,0.14188564287870878,0.0,0.0,0.0,0.2075875242347796,0.13870313634710438
2021-02-12,0.0,0.12463664060607073,0.14873689104998264,0.14188564287870878,0.0,0.0,0.0,0.2075875242347796,0.13870313634710438
2021-02-16,0.0,0.12463664060607073,0.14873689104998264,0.14188564287870878,0.0,0.0,0.0,0.2075875242347796,0.13870313634710438
2021-02-17,0.0,0.12463664060607073,0.14873689104998264,0.14188564287870878,0.0,0.0,0.0,0.2075875242347796,0.13870313634710438
2021-02-18,0.0,0.12463664060607073,0.14873689104998264,0.14188564287870878,0.0,0.0,0.0,0.2075875242347796,0.13870313634710438
2021-02-19,0.0,0.12463664060607073,0.14873689104998264,0.14188564287870878,0.0,0.0,0.0,0.2075875242347796,0.13870313634710438
2021-02-22,0.0,0.12463664060607073,0.14873689104998264,0.14188564287870878,0.0,0.0,0.0,0.2075875242347796,0.13870313634710438
2021-02-23,0.0,0.12463664060607073,0.14873689104998264,0.14188564287870878,0.0,0.0,0.0,0.2075875242347796,0.13870313634710438
2021-02-24,0.0,0.12463664060607073,0.14873689104998264,0.14188564287870878,0.0,0.0,0.0,0.2075875242347796,0.13870313634710438
2021-02-25,0.0,0.12463664060607073,0.14873689104998264,0.14188564287870878,0.0,0.0,0.0,0.2075875242347796,0.13870313634710438
2021-02-26,0.0,0.12463664060607073,0.14873689104998264,0.14188564287870878,0.0,0.0,0.0,0.2075875242347796,0.13870313634710438
2021-03-01,0.0,0.0,0.1623579742358027,0.15681679700119616,0.0,0.0,0.17488367563577506,0.1442910956012238,0.12325152043672684
2021-03-02,0.0,0.0,0.1623579742358027,0.15681679700119616,0.0,0.0,0.17488367563577506,0.1442910956012238,0.12325152043672684
2021-03-03,0.0,0.0,0.1623579742358027,0.15681679700119616,0.0,0.0,0.17488367563577506,0.1442910956012238,0.12325152043672684
2021-03-04,0.0,0.0,0.1623579742358027,0.15681679700119616,0.0,0.0,0.17488367563577506,0.1442910956012238,0.12325152043672684
2021-03-05,0.0,0.0,0.1623579742358027,0.15681679700119616,0.0,0.0,0.17488367563577506,0.1442910956012238,0.12325152043672684
2021-03-08,0.0,0.0,0.1623579742358027,0.15681679700119616,0.0,0.0,0.17488367563577506,0.1442910956012238,0.12325152043672684
2021-03-09,0.0,0.0,0.1623579742358027,0.15681679700119616,0.0,0.0,0.17488367563577506,0.1442910956012238,0.12325152043672684
2021-03-10,0.0,0.0,0.1623579742358027,0.15681679700119616,0.0,0.0,0.17488367563577506,0.1442910956012238,0.12325152043672684
2021-03-11,0.0,0.0,0.1623579742358027,0.15681679700119616,0.0,0.0,0.17488367563577506,0.1442910956012238,0.12325152043672684
2021-03-12,0.0,0.0,0.1623579742358027,0.15681679700119616,0.0,0.0,0.17488367563577506,0.1442910956012238,0.12325152043672684
2021-03-15,0.0,0.0,0.1623579742358027,0.15681679700119616,0.0,0.0,0.17488367563577506,0.1442910956012238,0.12325152043672684
2021-03-16,0.0,0.0,0.1623579742358027,0.15681679700119616,0.0,0.0,0.17488367563577506,0.1442910956012238,0.12325152043672684
2021-03-17,0.0,0.0,0.1623579742358027,0.15681679700119616,0.0,0.0,0.17488367563577506,0.1442910956012238,0.12325152043672684
2021-03-18,0.0,0.0,0.1623579742358027,0.15681679700119616,0.0,0.0,0.17488367563577506,0.1442910956012238,0.12325152043672684
2021-03-19,0.0,0.0,0.1623579742358027,0.15681679700119616,0.0,0.0,0.17488367563577506,0.1442910956012238,0.12325152043672684
2021-03-22,0.0,0.0,0.1623579742358027,0.15681679700119616,0.0,0.0,0.17488367563577506,0.1442910956012238,0.12325152043672684
2021-03-23,0.0,0.0,0.1623579742358027,0.15681679700119616,0.0,0.0,0.17488367563577506,0.1442910956012238,0.12325152043672684
2021-03-24,0.0,0.0,0.1623579742358027,0.15681679700119616,0.0,0.0,0.17488367563577506,0.1442910956012238,0.12325152043672684
2021-03-25,0.0,0.0,0.1623579742358027,0.15681679700119616,0.0,0.0,0.17488367563577506,0.1442910956012238,0.12325152043672684
2021-03-26,0.0,0.0,0.1623579742358027,0.15681679700119616,0.0,0.0,0.17488367563577506,0.1442910956012238,0.12325152043672684
2021-03-29,0.0,0.0,0.1623579742358027,0.15681679700119616,0.0,0.0,0.17488367563577506,0.1442910956012238,0.12325152043672684
2021-03-30,0.0,0.0,0.1623579742358027,0.15681679700119616,0.0,0.0,0.17488367563577506,0.1442910956012238,0.12325152043672684
2021-03-31,0.0,0.0,0.1623579742358027,0.15681679700119616,0.0,0.0,0.17488367563577506,0.1442910956012238,0.12325152043672684
2021-04-01,0.0,0.0,0.1263716837067334,0.12480612553973144,0.0,0.0,0.13299879285152527,0.12092040123691623,0.12803523548438275
2021-04-05,0.0,0.0,0.1263716837067334,0.12480612553973144,0.0,0.0,0.13299879285152527,0.12092040123691623,0.12803523548438275
2021-04-06,0.0,0.0,0.1263716837067334,0.12480612553973144,0.0,0.0,0.13299879285152527,0.12092040123691623,0.12803523548438275
2021-04-07,0.0,0.0,0.1263716837067334,0.12480612553973144,0.0,0.0,0.13299879285152527,0.12092040123691623,0.12803523548438275
2021-04-08,0.0,0.0,0.1263716837067334,0.12480612553973144,0.0,0.0,0.13299879285152527,0.12092040123691623,0.12803523548438275
2021-04-09,0.0,0.0,0.1263716837067334,0.12480612553973144,0.0,0.0,0.13299879285152527,0.12092040123691623,0.12803523548438275
2021-04-12,0.0,0.0,0.1263716837067334,0.12480612553973144,0.0,0.0,0.13299879285152527,0.12092040123691623,0.12803523548438275
2021-04-13,0.0,0.0,0.1263716837067334,0.12480612553973144,0.0,0.0,0.13299879285152527,0.12092040123691623,0.12803523548438275
2021-04-14,0.0,0.0,0.1263716837067334,0.12480612553973144,0.0,0.0,0.13299879285152527,0.12092040123691623,0.12803523548438275
2021-04-15,0.0,0.0,0.1263716837067334,0.12480612553973144,0.0,0.0,0.13299879285152527,0.12092040123691623,0.12803523548438275
2021-04-16,0.0,0.09149696172766777,0.08528607073401469,0.08500452998787425,0.0,0.20801903121388407,0.14743116879542417,0.11529689012080506,0.09954147227586635
2021-04-19,0.0,0.09149696172766777,0.08528607073401469,0.08500452998787425,0.0,0.20801903121388407,0.14743116879542417,0.11529689012080506,0.09954147227586635
2021-04-20,0.0,0.09149696172766777,0.08528607073401469,0.08500452998787425,0.0,0.20801903121388407,0.14743116879542417,0.11529689012080506,0.09954147227586635
2021-04-21,0.0,0.09149696172766777,0.08528607073401469,0.08500452998787425,0.0,0.20801903121388407,0.14743116879542417,0.11529689012080506,0.09954147227586635
2021-04-22,0.0,0.09149696172766777,0.08528607073401469,0.08500452998787425,0.0,0.20801903121388407,0.14743116879542417,0.11529689012080506,0.09954147227586635
2021-04-23,0.0,0.09149696172766777,0.08528607073401469,0.08500452998787425,0.0,0.20801903121388407,0.14743116879542417,0.11529689012080506,0.09954147227586635
2021-04-26,0.0,0.09149696172766777,0.08528607073401469,0.08500452998787425,0.0,0.20801903121388407,0.14743116879542417,0.11529689012080506,0.09954147227586635
2021-04-27,0.0,0.09149696172766777,0.08528607073401469,0.08500452998787425,0.0,0.20801903121388407,0.14743116879542417,0.11529689012080506,0.09954147227586635
2021-04-28,0.0,0.09149696172766777,0.08528607073401469,0.08500452998787425,0.0,0.20801903121388407,0.14743116879542417,0.11529689012080506,0.09954147227586635
2021-04-29,0.0,0.09149696172766777,0.08528607073401469,0.08500452998787425,0.0,0.20801903121388407,0.14743116879542417,0.11529689012080506,0.09954147227586635
2021-04-30,0.0,0.09149696172766777,0.08528607073401469,0.08500452998787425,0.0,0.20801903121388407,0.14743116879542417,0.11529689012080506,0.09954147227586635
2021-05-03,0.0,0.12342678985220257,0.08312003546386663,0.08287908461370486,0.0,0.21601161193034937,0.14397618790977063,0.11104890225736684,0.10358383569413658
2021-05-04,0.0,0.12342678985220257,0.08312003546386663,0.08287908461370486,0.0,0.21601161193034937,0.14397618790977063,0.11104890225736684,0.10358383569413658
2021-05-05,0.0,0.12342678985220257,0.08312003546386663,0.08287908461370486,0.0,0.21601161193034937,0.14397618790977063,0.11104890225736684,0.10358383569413658
2021-05-06,0.0,0.12342678985220257,0.08312003546386663,0.08287908461370486,0.0,0.21601161193034937,0.14397618790977063,0.11104890225736684,0.10358383569413658
2021-05-07,0.0,0.12342678985220257,0.08312003546386663,0.08287908461370486,0.0,0.21601161193034937,0.14397618790977063,0.11104890225736684,0.10358383569413658
2021-05-10,0.0,0.12342678985220257,0.08312003546386663,0.08287908461370486,0.0,0.21601161193034937,0.14397618790977063,0.11104890225736684,0.10358383569413658
2021-05-11,0.0,0.12342678985220257,0.08312003546386663,0.08287908461370486,0.0,0.21601161193034937,0.14397618790977063,0.11104890225736684,0.10358383569413658
2021-05-12,0.0,0.12342678985220257,0.08312003546386663,0.08287908461370486,0.0,0.21601161193034937,0.14397618790977063,0.11104890225736684,0.10358383569413658
2021-05-13,0.0,0.12342678985220257,0.08312003546386663,0.08287908461370486,0.0,0.21601161193034937,0.14397618790977063,0.11104890225736684,0.10358383569413658
2021-05-14,0.0,0.12342678985220257,0.08312003546386663,0.08287908461370486,0.0,0.21601161193034937,0.14397618790977063,0.11104890225736684,0.10358383569413658
2021-05-17,0.0,0.12342678985220257,0.08312003546386663,0.08287908461370486,0.0,0.21601161193034937,0.14397618790977063,0.11104890225736684,0.10358383569413658
2021-05-18,0.0,0.12342678985220257,0.08312003546386663,0.08287908461370486,0.0,0.21601161193034937,0.14397618790977063,0.11104890225736684,0.10358383569413658
2021-05-19,0.0,0.12342678985220257,0.08312003546386663,0.08287908461370486,0.0,0.21601161193034937,0.14397618790977063,0.11104890225736684,0.10358383569413658
2021-05-20,0.0,0.12342678985220257,0.08312003546386663,0.08287908461370486,0.0,0.21601161193034937,0.14397618790977063,0.11104890225736684,0.10358383569413658
2021-05-21,0.0,0.12342678985220257,0.08312003546386663,0.08287908461370486,0.0,0.21601161193034937,0.14397618790977063,0.11104890225736684,0.10358383569413658
2021-05-24,0.0,0.12342678985220257,0.08312003546386663,0.08287908461370486,0.0,0.21601161193034937,0.14397618790977063,0.11104890225736684,0.10358383569413658
2021-05-25,0.0,0.12342678985220257,0.08312003546386663,0.08287908461370486,0.0,0.21601161193034937,0.14397618790977063,0.11104890225736684,0.10358383569413658
2021-05-26,0.0,0.12342678985220257,0.08312003546386663,0.08287908461370486,0.0,0.21601161193034937,0.14397618790977063,0.11104890225736684,0.10358383569413658
2021-05-27,0.0,0.12342678985220257,0.08312003546386663,0.08287908461370486,0.0,0.21601161193034937,0.14397618790977063,0.11104890225736684,0.10358383569413658
2021-05-28,0.0,0.12342678985220257,0.08312003546386663,0.08287908461370486,0.0,0.21601161193034937,0.14397618790977063,0.11104890225736684,0.10358383569413658
2021-06-01,0.0,0.131616685363371,0.084338389418876,0.0848471269819699,0.0,0.19606826963046195,0.15328962998513398,0.12837385042054658,0.12263591254541023
2021-06-02,0.0,0.131616685363371,0.084338389418876,0.0848471269819699,0.0,0.19606826963046195,0.15328962998513398,0.12837385042054658,0.12263591254541023
2021-06-03,0.0,0.131616685363371,0.084338389418876,0.0848471269819699,0.0,0.19606826963046195,0.15328962998513398,0.12837385042054658,0.12263591254541023
2021-06-04,0.0,0.131616685363371,0.084338389418876,0.0848471269819699,0.0,0.19606826963046195,0.15328962998513398,0.12837385042054658,0.12263591254541023
2021-06-07,0.0,0.131616685363371,0.084338389418876,0.0848471269819699,0.0,0.19606826963046195,0.15328962998513398,0.12837385042054658,0.12263591254541023
2021-06-08,0.0,0.131616685363371,0.084338389418876,0.0848471269819699,0.0,0.19606826963046195,0.15328962998513398,0.12837385042054658,0.12263591254541023
2021-06-09,0.0,0.131616685363371,0.084338389418876,0.0848471269819699,0.0,0.19606826963046195,0.15328962998513398,0.12837385042054658,0.12263591254541023
2021-06-10,0.0,0.131616685363371,0.084338389418876,0.0848471269819699,0.0,0.19606826963046195,0.15328962998513398,0.12837385042054658,0.12263591254541023
2021-06-11,0.0,0.131616685363371,0.084338389418876,0.0848471269819699,0.0,0.19606826963046195,0.15328962998513398,0.12837385042054658,0.12263591254541023
2021-06-14,0.0,0.131616685363371,0.084338389418876,0.0848471269819699,0.0,0.19606826963046195,0.15328962998513398,0.12837385042054658,0.12263591254541023
2021-06-15,0.0,0.131616685363371,0.084338389418876,0.0848471269819699,0.0,0.19606826963046195,0.15328962998513398,0.12837385042054658,0.12263591254541023
2021-06-16,0.0,0.131616685363371,0.084338389418876,0.0848471269819699,0.0,0.19606826963046195,0.15328962998513398,0.12837385042054658,0.12263591254541023
2021-06-17,0.0,0.131616685363371,0.084338389418876,0.0848471269819699,0.0,0.19606826963046195,0.15328962998513398,0.12837385042054658,0.12263591254541023
2021-06-18,0.0,0.131616685363371,0.084338389418876,0.0848471269819699,0.0,0.19606826963046195,0.15328962998513398,0.12837385042054658,0.12263591254541023
2021-06-21,0.0,0.131616685363371,0.084338389418876,0.0848471269819699,0.0,0.19606826963046195,0.15328962998513398,0.12837385042054658,0.12263591254541023
2021-06-22,0.0,0.131616685363371,0.084338389418876,0.0848471269819699,0.0,0.19606826963046195,0.15328962998513398,0.12837385042054658,0.12263591254541023
2021-06-23,0.0,0.131616685363371,0.084338389418876,0.0848471269819699,0.0,0.19606826963046195,0.15328962998513398,0.12837385042054658,0.12263591254541023
2021-06-24,0.0,0.131616685363371,0.084338389418876,0.0848471269819699,0.0,0.19606826963046195,0.15328962998513398,0.12837385042054658,0.12263591254541023
2021-06-25,0.0,0.131616685363371,0.084338389418876,0.0848471269819699,0.0,0.19606826963046195,0.15328962998513398,0.12837385042054658,0.12263591254541023
2021-06-28,0.0,0.131616685363371,0.084338389418876,0.0848471269819699,0.0,0.19606826963046195,0.15328962998513398,0.12837385042054658,0.12263591254541023
2021-06-29,0.0,0.131616685363371,0.084338389418876,0.0848471269819699,0.0,0.19606826963046195,0.15328962998513398,0.12837385042054658,0.12263591254541023
2021-06-30,0.0,0.131616685363371,0.084338389418876,0.0848471269819699,0.0,0.19606826963046195,0.15328962998513398,0.12837385042054658,0.12263591254541023
2021-07-01,0.0,0.0,0.12249732733102843,0.12726204435870297,0.10024062831026855,0.16462018986429727,0.16311345069807676,0.13298351542838008,0.12357991290346285
2021-07-02,0.0,0.0,0.12249732733102843,0.12726204435870297,0.10024062831026855,0.16462018986429727,0.16311345069807676,0.13298351542838008,0.12357991290346285
2021-07-06,0.0,0.0,0.12249732733102843,0.12726204435870297,0.10024062831026855,0.16462018986429727,0.16311345069807676,0.13298351542838008,0.12357991290346285
2021-07-07,0.0,0.0,0.12249732733102843,0.12726204435870297,0.10024062831026855,0.16462018986429727,0.16311345069807676,0.13298351542838008,0.12357991290346285
2021-07-08,0.0,0.0,0.12249732733102843,0.12726204435870297,0.10024062831026855,0.16462018986429727,0.16311345069807676,0.13298351542838008,0.12357991290346285
2021-07-09,0.0,0.0,0.12249732733102843,0.12726204435870297,0.10024062831026855,0.16462018986429727,0.16311345069807676,0.13298351542838008,0.12357991290346285
2021-07-12,0.0,0.0,0.12249732733102843,0.12726204435870297,0.10024062831026855,0.16462018986429727,0.16311345069807676,0.13298351542838008,0.12357991290346285
2021-07-13,0.0,0.0,0.12249732733102843,0.12726204435870297,0.10024062831026855,0.16462018986429727,0.16311345069807676,0.13298351542838008,0.12357991290346285
2021-07-14,0.0,0.0,0.12249732733102843,0.12726204435870297,0.10024062831026855,0.16462018986429727,0.16311345069807676,0.13298351542838008,0.12357991290346285
2021-07-15,0.0,0.0,0.12249732733102843,0.12726204435870297,0.10024062831026855,0.16462018986429727,0.16311345069807676,0.13298351542838008,0.12357991290346285
2021-07-16,0.0,0.0,0.12249732733102843,0.12726204435870297,0.10024062831026855,0.16462018986429727,0.16311345069807676,0.13298351542838008,0.12357991290346285
2021-07-19,0.0,0.0,0.12249732733102843,0.12726204435870297,0.10024062831026855,0.16462018986429727,0.16311345069807676,0.13298351542838008,0.12357991290346285
2021-07-20,0.0,0.0,0.12249732733102843,0.12726204435870297,0.10024062831026855,0.16462018986429727,0.16311345069807676,0.13298351542838008,0.12357991290346285
2021-07-21,0.0,0.0,0.12249732733102843,0.12726204435870297,0.10024062831026855,0.16462018986429727,0.16311345069807676,0.13298351542838008,0.12357991290346285
2021-07-22,0.0,0.0,0.12249732733102843,0.12726204435870297,0.10024062831026855,0.16462018986429727,0.16311345069807676,0.13298351542838008,0.12357991290346285
2021-07-23,0.0,0.0,0.12249732733102843,0.12726204435870297,0.10024062831026855,0.16462018986429727,0.16311345069807676,0.13298351542838008,0.12357991290346285
2021-07-26,0.0,0.0,0.12249732733102843,0.12726204435870297,0.10024062831026855,0.16462018986429727,0.16311345069807676,0.13298351542838008,0.12357991290346285
2021-07-27,0.0,0.0,0.12249732733102843,0.12726204435870297,0.10024062831026855,0.16462018986429727,0.16311345069807676,0.13298351542838008,0.12357991290346285
2021-07-28,0.0,0.0,0.12249732733102843,0.12726204435870297,0.10024062831026855,0.16462018986429727,0.16311345069807676,0.13298351542838008,0.12357991290346285
2021-07-29,0.0,0.0,0.12249732733102843,0.12726204435870297,0.10024062831026855,0.16462018986429727,0.16311345069807676,0.13298351542838008,0.12357991290346285
2021-07-30,0.0,0.0,0.12249732733102843,0.12726204435870297,0.10024062831026855,0.16462018986429727,0.16311345069807676,0.13298351542838008,0.12357991290346285
2021-08-02,0.0,0.0,0.1174784205459111,0.12058459647125802,0.1096641686634735,0.19419345342265043,0.1931784944518207,0.1545486912288219,0.0
2021-08-03,0.0,0.0,0.1174784205459111,0.12058459647125802,0.1096641686634735,0.19419345342265043,0.1931784944518207,0.1545486912288219,0.0
2021-08-04,0.0,0.0,0.1174784205459111,0.12058459647125802,0.1096641686634735,0.19419345342265043,0.1931784944518207,0.1545486912288219,0.0
2021-08-05,0.0,0.0,0.1174784205459111,0.12058459647125802,0.1096641686634735,0.19419345342265043,0.1931784944518207,0.1545486912288219,0.0
2021-08-06,0.0,0.0,0.1174784205459111,0.12058459647125802,0.1096641686634735,0.19419345342265043,0.1931784944518207,0.1545486912288219,0.0
2021-08-09,0.0,0.0,0.1174784205459111,0.12058459647125802,0.1096641686634735,0.19419345342265043,0.1931784944518207,0.1545486912288219,0.0
2021-08-10,0.0,0.0,0.1174784205459111,0.12058459647125802,0.1096641686634735,0.19419345342265043,0.1931784944518207,0.1545486912288219,0.0
2021-08-11,0.0,0.0,0.1174784205459111,0.12058459647125802,0.1096641686634735,0.19419345342265043,0.1931784944518207,0.1545486912288219,0.0
2021-08-12,0.0,0.0,0.1174784205459111,0.12058459647125802,0.1096641686634735,0.19419345342265043,0.1931784944518207,0.1545486912288219,0.0
2021-08-13,0.0,0.0,0.1174784205459111,0.12058459647125802,0.1096641686634735,0.19419345342265043,0.1931784944518207,0.1545486912288219,0.0
2021-08-16,0.0,0.0,0.11898591172356661,0.12294758297007384,0.10806650530635953,0.20018985938310402,0.1942655717630008,0.1557344282369992,0.0
2021-08-17,0.0,0.0,0.11898591172356661,0.12294758297007384,0.10806650530635953,0.20018985938310402,0.1942655717630008,0.1557344282369992,0.0
2021-08-18,0.0,0.0,0.11898591172356661,0.12294758297007384,0.10806650530635953,0.20018985938310402,0.1942655717630008,0.1557344282369992,0.0
2021-08-19,0.0,0.0,0.11898591172356661,0.12294758297007384,0.10806650530635953,0.20018985938310402,0.1942655717630008,0.1557344282369992,0.0
2021-08-20,0.0,0.0,0.11898591172356661,0.12294758297007384,0.10806650530635953,0.20018985938310402,0.1942655717630008,0.1557344282369992,0.0
2021-08-23,0.0,0.0,0.11898591172356661,0.12294758297007384,0.10806650530635953,0.20018985938310402,0.1942655717630008,0.1557344282369992,0.0
2021-08-24,0.0,0.0,0.11898591172356661,0.12294758297007384,0.10806650530635953,0.20018985938310402,0.1942655717630008,0.1557344282369992,0.0
2021-08-25,0.0,0.0,0.11898591172356661,0.12294758297007384,0.10806650530635953,0.20018985938310402,0.1942655717630008,0.1557344282369992,0.0
2021-08-26,0.0,0.0,0.11898591172356661,0.12294758297007384,0.10806650530635953,0.20018985938310402,0.1942655717630008,0.1557344282369992,0.0
2021-08-27,0.0,0.0,0.11898591172356661,0.12294758297007384,0.10806650530635953,0.20018985938310402,0.1942655717630008,0.1557344282369992,0.0
2021-08-30,0.0,0.0,0.11898591172356661,0.12294758297007384,0.10806650530635953,0.20018985938310402,0.1942655717630008,0.1557344282369992,0.0
2021-08-31,0.0,0.0,0.11898591172356661,0.12294758297007384,0.10806650530635953,0.20018985938310402,0.1942655717630008,0.1557344282369992,0.0
2021-09-01,0.23128893094874303,0.0,0.10086221710222694,0.10340377734917351,0.08799803588761239,0.16311543995673436,0.1818966492639025,0.13143494949160733,0.0
2021-09-02,0.23128893094874303,0.0,0.10086221710222694,0.10340377734917351,0.08799803588761239,0.16311543995673436,0.1818966492639025,0.13143494949160733,0.0
2021-09-03,0.23128893094874303,0.0,0.10086221710222694,0.10340377734917351,0.08799803588761239,0.16311543995673436,0.1818966492639025,0.13143494949160733,0.0
2021-09-07,0.23128893094874303,0.0,0.10086221710222694,0.10340377734917351,0.08799803588761239,0.16311543995673436,0.1818966492639025,0.13143494949160733,0.0
2021-09-08,0.23128893094874303,0.0,0.10086221710222694,0.10340377734917351,0.08799803588761239,0.16311543995673436,0.1818966492639025,0.13143494949160733,0.0
2021-09-09,0.23128893094874303,0.0,0.10086221710222694,0.10340377734917351,0.08799803588761239,0.16311543995673436,0.1818966492639025,0.13143494949160733,0.0
2021-09-10,0.23128893094874303,0.0,0.10086221710222694,0.10340377734917351,0.08799803588761239,0.16311543995673436,0.1818966492639025,0.13143494949160733,0.0
2021-09-13,0.23128893094874303,0.0,0.10086221710222694,0.10340377734917351,0.08799803588761239,0.16311543995673436,0.1818966492639025,0.13143494949160733,0.0
2021-09-14,0.23128893094874303,0.0,0.10086221710222694,0.10340377734917351,0.08799803588761239,0.16311543995673436,0.1818966492639025,0.13143494949160733,0.0
2021-09-15,0.23128893094874303,0.0,0.10086221710222694,0.10340377734917351,0.08799803588761239,0.16311543995673436,0.1818966492639025,0.13143494949160733,0.0
2021-09-16,0.23128893094874303,0.0,0.10086221710222694,0.10340377734917351,0.08799803588761239,0.16311543995673436,0.1818966492639025,0.13143494949160733,0.0
2021-09-17,0.23128893094874303,0.0,0.10086221710222694,0.10340377734917351,0.08799803588761239,0.16311543995673436,0.1818966492639025,0.13143494949160733,0.0
2021-09-20,0.23128893094874303,0.0,0.10086221710222694,0.10340377734917351,0.08799803588761239,0.16311543995673436,0.1818966492639025,0.13143494949160733,0.0
2021-09-21,0.23128893094874303,0.0,0.10086221710222694,0.10340377734917351,0.08799803588761239,0.16311543995673436,0.1818966492639025,0.13143494949160733,0.0
2021-09-22,0.23128893094874303,0.0,0.10086221710222694,0.10340377734917351,0.08799803588761239,0.16311543995673436,0.1818966492639025,0.13143494949160733,0.0
2021-09-23,0.23128893094874303,0.0,0.10086221710222694,0.10340377734917351,0.08799803588761239,0.16311543995673436,0.1818966492639025,0.13143494949160733,0.0
2021-09-24,0.23128893094874303,0.0,0.10086221710222694,0.10340377734917351,0.08799803588761239,0.16311543995673436,0.1818966492639025,0.13143494949160733,0.0
2021-09-27,0.23128893094874303,0.0,0.10086221710222694,0.10340377734917351,0.08799803588761239,0.16311543995673436,0.1818966492639025,0.13143494949160733,0.0
2021-09-28,0.23128893094874303,0.0,0.10086221710222694,0.10340377734917351,0.08799803588761239,0.16311543995673436,0.1818966492639025,0.13143494949160733,0.0
2021-09-29,0.23128893094874303,0.0,0.10086221710222694,0.10340377734917351,0.08799803588761239,0.16311543995673436,0.1818966492639025,0.13143494949160733,0.0
2021-09-30,0.23128893094874303,0.0,0.10086221710222694,0.10340377734917351,0.08799803588761239,0.16311543995673436,0.1818966492639025,0.13143494949160733,0.0
2021-10-01,0.0,0.0,0.11971063845487899,0.12229203297258974,0.07336607818659574,0.22751052510440423,0.19296139487554784,0.12555334027061807,0.0
2021-10-04,0.0,0.0,0.11971063845487899,0.12229203297258974,0.07336607818659574,0.22751052510440423,0.19296139487554784,0.12555334027061807,0.0
2021-10-05,0.0,0.0,0.11971063845487899,0.12229203297258974,0.07336607818659574,0.22751052510440423,0.19296139487554784,0.12555334027061807,0.0
2021-10-06,0.0,0.0,0.11971063845487899,0.12229203297258974,0.07336607818659574,0.22751052510440423,0.19296139487554784,0.12555334027061807,0.0
2021-10-07,0.0,0.0,0.11971063845487899,0.12229203297258974,0.07336607818659574,0.22751052510440423,0.19296139487554784,0.12555334027061807,0.0
2021-10-08,0.0,0.0,0.11971063845487899,0.12229203297258974,0.07336607818659574,0.22751052510440423,0.19296139487554784,0.12555334027061807,0.0
2021-10-11,0.0,0.0,0.11971063845487899,0.12229203297258974,0.07336607818659574,0.22751052510440423,0.19296139487554784,0.12555334027061807,0.0
2021-10-12,0.0,0.0,0.11971063845487899,0.12229203297258974,0.07336607818659574,0.22751052510440423,0.19296139487554784,0.12555334027061807,0.0
2021-10-13,0.0,0.0,0.11971063845487899,0.12229203297258974,0.07336607818659574,0.22751052510440423,0.19296139487554784,0.12555334027061807,0.0
2021-10-14,0.0,0.0,0.11971063845487899,0.12229203297258974,0.07336607818659574,0.22751052510440423,0.19296139487554784,0.12555334027061807,0.0
2021-10-15,0.0,0.0,0.11971063845487899,0.12229203297258974,0.07336607818659574,0.22751052510440423,0.19296139487554784,0.12555334027061807,0.0
2021-10-18,0.0,0.0,0.11971063845487899,0.12229203297258974,0.07336607818659574,0.22751052510440423,0.19296139487554784,0.12555334027061807,0.0
2021-10-19,0.0,0.0,0.11971063845487899,0.12229203297258974,0.07336607818659574,0.22751052510440423,0.19296139487554784,0.12555334027061807,0.0
2021-10-20,0.0,0.0,0.11971063845487899,0.12229203297258974,0.07336607818659574,0.22751052510440423,0.19296139487554784,0.12555334027061807,0.0
2021-10-21,0.0,0.0,0.11971063845487899,0.12229203297258974,0.07336607818659574,0.22751052510440423,0.19296139487554784,0.12555334027061807,0.0
2021-10-22,0.0,0.0,0.11971063845487899,0.12229203297258974,0.07336607818659574,0.22751052510440423,0.19296139487554784,0.12555334027061807,0.0
2021-10-25,0.0,0.0,0.11971063845487899,0.12229203297258974,0.07336607818659574,0.22751052510440423,0.19296139487554784,0.12555334027061807,0.0
2021-10-26,0.0,0.0,0.11971063845487899,0.12229203297258974,0.07336607818659574,0.22751052510440423,0.19296139487554784,0.12555334027061807,0.0
2021-10-27,0.0,0.0,0.11971063845487899,0.12229203297258974,0.07336607818659574,0.22751052510440423,0.19296139487554784,0.12555334027061807,0.0
2021-10-28,0.0,0.0,0.11971063845487899,0.12229203297258974,0.07336607818659574,0.22751052510440423,0.19296139487554784,0.12555334027061807,0.0
2021-10-29,0.0,0.0,0.11971063845487899,0.12229203297258974,0.07336607818659574,0.22751052510440423,0.19296139487554784,0.12555334027061807,0.0
2021-11-01,0.0,0.0,0.1458448519908218,0.1489526509329764,0.055202497076201805,0.25,0.22893870116789838,0.0,0.0
2021-11-02,0.0,0.0,0.1458448519908218,0.1489526509329764,0.055202497076201805,0.25,0.22893870116789838,0.0,0.0
2021-11-03,0.0,0.0,0.1458448519908218,0.1489526509329764,0.055202497076201805,0.25,0.22893870116789838,0.0,0.0
2021-11-04,0.0,0.0,0.1458448519908218,0.1489526509329764,0.055202497076201805,0.25,0.22893870116789838,0.0,0.0
2021-11-05,0.0,0.0,0.1458448519908218,0.1489526509329764,0.055202497076201805,0.25,0.22893870116789838,0.0,0.0
2021-11-08,0.0,0.0,0.1458448519908218,0.1489526509329764,0.055202497076201805,0.25,0.22893870116789838,0.0,0.0
2021-11-09,0.0,0.0,0.1458448519908218,0.1489526509329764,0.055202497076201805,0.25,0.22893870116789838,0.0,0.0
2021-11-10,0.0,0.0,0.1458448519908218,0.1489526509329764,0.055202497076201805,0.25,0.22893870116789838,0.0,0.0
2021-11-11,0.0,0.0,0.1458448519908218,0.1489526509329764,0.055202497076201805,0.25,0.22893870116789838,0.0,0.0
2021-11-12,0.0,0.0,0.1458448519908218,0.1489526509329764,0.055202497076201805,0.25,0.22893870116789838,0.0,0.0
2021-11-15,0.0,0.0,0.1458448519908218,0.1489526509329764,0.055202497076201805,0.25,0.22893870116789838,0.0,0.0
2021-11-16,0.0,0.0,0.1458448519908218,0.1489526509329764,0.055202497076201805,0.25,0.22893870116789838,0.0,0.0
2021-11-17,0.0,0.0,0.1458448519908218,0.1489526509329764,0.055202497076201805,0.25,0.22893870116789838,0.0,0.0
2021-11-18,0.0,0.0,0.1458448519908218,0.1489526509329764,0.055202497076201805,0.25,0.22893870116789838,0.0,0.0
2021-11-19,0.0,0.0,0.1458448519908218,0.1489526509329764,0.055202497076201805,0.25,0.22893870116789838,0.0,0.0
2021-11-22,0.0,0.0,0.1458448519908218,0.1489526509329764,0.055202497076201805,0.25,0.22893870116789838,0.0,0.0
2021-11-23,0.0,0.0,0.1458448519908218,0.1489526509329764,0.055202497076201805,0.25,0.22893870116789838,0.0,0.0
2021-11-24,0.0,0.0,0.1458448519908218,0.1489526509329764,0.055202497076201805,0.25,0.22893870116789838,0.0,0.0
2021-11-26,0.0,0.0,0.1458448519908218,0.1489526509329764,0.055202497076201805,0.25,0.22893870116789838,0.0,0.0
2021-11-29,0.0,0.0,0.1458448519908218,0.1489526509329764,0.055202497076201805,0.25,0.22893870116789838,0.0,0.0
2021-11-30,0.0,0.0,0.1458448519908218,0.1489526509329764,0.055202497076201805,0.25,0.22893870116789838,0.0,0.0
2021-12-01,0.0,0.0,0.0,0.0,0.17826677311649883,0.17826677311649883,0.17826677311649883,0.0,0.0
2021-12-02,0.0,0.0,0.0,0.0,0.17826677311649883,0.17826677311649883,0.17826677311649883,0.0,0.0
2021-12-03,0.0,0.0,0.0,0.0,0.17826677311649883,0.17826677311649883,0.17826677311649883,0.0,0.0
2021-12-06,0.0,0.0,0.0,0.0,0.17826677311649883,0.17826677311649883,0.17826677311649883,0.0,0.0
2021-12-07,0.0,0.0,0.0,0.0,0.17826677311649883,0.17826677311649883,0.17826677311649883,0.0,0.0
2021-12-08,0.0,0.0,0.0,0.0,0.17826677311649883,0.17826677311649883,0.17826677311649883,0.0,0.0
2021-12-09,0.0,0.0,0.0,0.0,0.17826677311649883,0.17826677311649883,0.17826677311649883,0.0,0.0
2021-12-10,0.0,0.0,0.0,0.0,0.17826677311649883,0.17826677311649883,0.17826677311649883,0.0,0.0
2021-12-13,0.0,0.0,0.0,0.0,0.17826677311649883,0.17826677311649883,0.17826677311649883,0.0,0.0
2021-12-14,0.0,0.0,0.0,0.0,0.17826677311649883,0.17826677311649883,0.17826677311649883,0.0,0.0
2021-12-15,0.0,0.0,0.0,0.0,0.17826677311649883,0.17826677311649883,0.17826677311649883,0.0,0.0
2021-12-16,0.24678208414500724,0.0,0.14060020589983943,0.1451077602926782,0.0,0.24678208414500724,0.20785620209749683,0.0,0.0
2021-12-17,0.24678208414500724,0.0,0.14060020589983943,0.1451077602926782,0.0,0.24678208414500724,0.20785620209749683,0.0,0.0
2021-12-20,0.24678208414500724,0.0,0.14060020589983943,0.1451077602926782,0.0,0.24678208414500724,0.20785620209749683,0.0,0.0
2021-12-21,0.24678208414500724,0.0,0.14060020589983943,0.1451077602926782,0.0,0.24678208414500724,0.20785620209749683,0.0,0.0
2021-12-22,0.24678208414500724,0.0,0.14060020589983943,0.1451077602926782,0.0,0.24678208414500724,0.20785620209749683,0.0,0.0
2021-12-23,0.24678208414500724,0.0,0.14060020589983943,0.1451077602926782,0.0,0.24678208414500724,0.20785620209749683,0.0,0.0
2021-12-27,0.24678208414500724,0.0,0.14060020589983943,0.1451077602926782,0.0,0.24678208414500724,0.20785620209749683,0.0,0.0
2021-12-28,0.24678208414500724,0.0,0.14060020589983943,0.1451077602926782,0.0,0.24678208414500724,0.20785620209749683,0.0,0.0
2021-12-29,0.24678208414500724,0.0,0.14060020589983943,0.1451077602926782,0.0,0.24678208414500724,0.20785620209749683,0.0,0.0
2021-12-30,0.24678208414500724,0.0,0.14060020589983943,0.1451077602926782,0.0,0.24678208414500724,0.20785620209749683,0.0,0.0
2021-12-31,0.24678208414500724,0.0,0.14060020589983943,0.1451077602926782,0.0,0.24678208414500724,0.20785620209749683,0.0,0.0
2022-01-03,0.25,0.0,0.09928588703838895,0.10275212913376815,0.0,0.25,0.14615962088024476,0.15180236294759814,0.0
2022-01-04,0.25,0.0,0.09928588703838895,0.10275212913376815,0.0,0.25,0.14615962088024476,0.15180236294759814,0.0
2022-01-05,0.25,0.0,0.09928588703838895,0.10275212913376815,0.0,0.25,0.14615962088024476,0.15180236294759814,0.0
2022-01-06,0.25,0.0,0.09928588703838895,0.10275212913376815,0.0,0.25,0.14615962088024476,0.15180236294759814,0.0
2022-01-07,0.25,0.0,0.09928588703838895,0.10275212913376815,0.0,0.25,0.14615962088024476,0.15180236294759814,0.0
2022-01-10,0.25,0.0,0.09928588703838895,0.10275212913376815,0.0,0.25,0.14615962088024476,0.15180236294759814,0.0
2022-01-11,0.25,0.0,0.09928588703838895,0.10275212913376815,0.0,0.25,0.14615962088024476,0.15180236294759814,0.0
2022-01-12,0.25,0.0,0.09928588703838895,0.10275212913376815,0.0,0.25,0.14615962088024476,0.15180236294759814,0.0
2022-01-13,0.25,0.0,0.09928588703838895,0.10275212913376815,0.0,0.25,0.14615962088024476,0.15180236294759814,0.0
2022-01-14,0.25,0.0,0.09928588703838895,0.10275212913376815,0.0,0.25,0.14615962088024476,0.15180236294759814,0.0
2022-01-18,0.25,0.0,0.09928588703838895,0.10275212913376815,0.0,0.25,0.14615962088024476,0.15180236294759814,0.0
2022-01-19,0.25,0.0,0.09928588703838895,0.10275212913376815,0.0,0.25,0.14615962088024476,0.15180236294759814,0.0
2022-01-20,0.25,0.0,0.09928588703838895,0.10275212913376815,0.0,0.25,0.14615962088024476,0.15180236294759814,0.0
2022-01-21,0.25,0.0,0.09928588703838895,0.10275212913376815,0.0,0.25,0.14615962088024476,0.15180236294759814,0.0
2022-01-24,0.25,0.0,0.09928588703838895,0.10275212913376815,0.0,0.25,0.14615962088024476,0.15180236294759814,0.0
2022-01-25,0.25,0.0,0.09928588703838895,0.10275212913376815,0.0,0.25,0.14615962088024476,0.15180236294759814,0.0
2022-01-26,0.25,0.0,0.09928588703838895,0.10275212913376815,0.0,0.25,0.14615962088024476,0.15180236294759814,0.0
2022-01-27,0.25,0.0,0.09928588703838895,0.10275212913376815,0.0,0.25,0.14615962088024476,0.15180236294759814,0.0
2022-01-28,0.25,0.0,0.09928588703838895,0.10275212913376815,0.0,0.25,0.14615962088024476,0.15180236294759814,0.0
2022-01-31,0.25,0.0,0.09928588703838895,0.10275212913376815,0.0,0.25,0.14615962088024476,0.15180236294759814,0.0
2022-02-01,0.0,0.0,0.11385857240802458,0.1182885555153071,0.05768376754640285,0.2422966553341035,0.18805406958006293,0.15116124788768198,0.0
2022-02-02,0.0,0.0,0.11385857240802458,0.1182885555153071,0.05768376754640285,0.2422966553341035,0.18805406958006293,0.15116124788768198,0.0
2022-02-03,0.0,0.0,0.11385857240802458,0.1182885555153071,0.05768376754640285,0.2422966553341035,0.18805406958006293,0.15116124788768198,0.0
2022-02-04,0.0,0.0,0.11385857240802458,0.1182885555153071,0.05768376754640285,0.2422966553341035,0.18805406958006293,0.15116124788768198,0.0
2022-02-07,0.0,0.0,0.11385857240802458,0.1182885555153071,0.05768376754640285,0.2422966553341035,0.18805406958006293,0.15116124788768198,0.0
2022-02-08,0.0,0.0,0.11385857240802458,0.1182885555153071,0.05768376754640285,0.2422966553341035,0.18805406958006293,0.15116124788768198,0.0
2022-02-09,0.0,0.0,0.11385857240802458,0.1182885555153071,0.05768376754640285,0.2422966553341035,0.18805406958006293,0.15116124788768198,0.0
2022-02-10,0.0,0.0,0.11385857240802458,0.1182885555153071,0.05768376754640285,0.2422966553341035,0.18805406958006293,0.15116124788768198,0.0
2022-02-11,0.0,0.0,0.11385857240802458,0.1182885555153071,0.05768376754640285,0.2422966553341035,0.18805406958006293,0.15116124788768198,0.0
2022-02-14,0.0,0.0,0.11385857240802458,0.1182885555153071,0.05768376754640285,0.2422966553341035,0.18805406958006293,0.15116124788768198,0.0
2022-02-15,0.0,0.0,0.11385857240802458,0.1182885555153071,0.05768376754640285,0.2422966553341035,0.18805406958006293,0.15116124788768198,0.0
2022-02-16,0.0,0.0,0.11385857240802458,0.1182885555153071,0.05768376754640285,0.2422966553341035,0.18805406958006293,0.15116124788768198,0.0
2022-02-17,0.0,0.0,0.11385857240802458,0.1182885555153071,0.05768376754640285,0.2422966553341035,0.18805406958006293,0.15116124788768198,0.0
2022-02-18,0.0,0.0,0.11385857240802458,0.1182885555153071,0.05768376754640285,0.2422966553341035,0.18805406958006293,0.15116124788768198,0.0
2022-02-22,0.0,0.0,0.11385857240802458,0.1182885555153071,0.05768376754640285,0.2422966553341035,0.18805406958006293,0.15116124788768198,0.0
2022-02-23,0.0,0.0,0.11385857240802458,0.1182885555153071,0.05768376754640285,0.2422966553341035,0.18805406958006293,0.15116124788768198,0.0
2022-02-24,0.0,0.0,0.11385857240802458,0.1182885555153071,0.05768376754640285,0.2422966553341035,0.18805406958006293,0.15116124788768198,0.0
2022-02-25,0.0,0.0,0.11385857240802458,0.1182885555153071,0.05768376754640285,0.2422966553341035,0.18805406958006293,0.15116124788768198,0.0
2022-02-28,0.0,0.0,0.11385857240802458,0.1182885555153071,0.05768376754640285,0.2422966553341035,0.18805406958006293,0.15116124788768198,0.0
2022-03-01,0.16981969839853103,0.09207128738181306,0.08133428287812801,0.07531569083935986,0.030196126215230018,0.16340763443125703,0.14787436361720485,0.11297110457908723,0.08810901421965588
2022-03-02,0.16981969839853103,0.09207128738181306,0.08133428287812801,0.07531569083935986,0.030196126215230018,0.16340763443125703,0.14787436361720485,0.11297110457908723,0.08810901421965588
2022-03-03,0.16981969839853103,0.09207128738181306,0.08133428287812801,0.07531569083935986,0.030196126215230018,0.16340763443125703,0.14787436361720485,0.11297110457908723,0.08810901421965588
2022-03-04,0.16981969839853103,0.09207128738181306,0.08133428287812801,0.07531569083935986,0.030196126215230018,0.16340763443125703,0.14787436361720485,0.11297110457908723,0.08810901421965588
2022-03-07,0.16981969839853103,0.09207128738181306,0.08133428287812801,0.07531569083935986,0.030196126215230018,0.16340763443125703,0.14787436361720485,0.11297110457908723,0.08810901421965588
2022-03-08,0.16981969839853103,0.09207128738181306,0.08133428287812801,0.07531569083935986,0.030196126215230018,0.16340763443125703,0.14787436361720485,0.11297110457908723,0.08810901421965588
2022-03-09,0.16981969839853103,0.09207128738181306,0.08133428287812801,0.07531569083935986,0.030196126215230018,0.16340763443125703,0.14787436361720485,0.11297110457908723,0.08810901421965588
2022-03-10,0.16981969839853103,0.09207128738181306,0.08133428287812801,0.07531569083935986,0.030196126215230018,0.16340763443125703,0.14787436361720485,0.11297110457908723,0.08810901421965588
2022-03-11,0.16981969839853103,0.09207128738181306,0.08133428287812801,0.07531569083935986,0.030196126215230018,0.16340763443125703,0.14787436361720485,0.11297110457908723,0.08810901421965588
2022-03-14,0.16981969839853103,0.09207128738181306,0.08133428287812801,0.07531569083935986,0.030196126215230018,0.16340763443125703,0.14787436361720485,0.11297110457908723,0.08810901421965588
2022-03-15,0.16981969839853103,0.09207128738181306,0.08133428287812801,0.07531569083935986,0.030196126215230018,0.16340763443125703,0.14787436361720485,0.11297110457908723,0.08810901421965588
2022-03-16,0.16981969839853103,0.09207128738181306,0.08133428287812801,0.07531569083935986,0.030196126215230018,0.16340763443125703,0.14787436361720485,0.11297110457908723,0.08810901421965588
2022-03-17,0.16981969839853103,0.09207128738181306,0.08133428287812801,0.07531569083935986,0.030196126215230018,0.16340763443125703,0.14787436361720485,0.11297110457908723,0.08810901421965588
2022-03-18,0.16981969839853103,0.09207128738181306,0.08133428287812801,0.07531569083935986,0.030196126215230018,0.16340763443125703,0.14787436361720485,0.11297110457908723,0.08810901421965588
2022-03-21,0.16981969839853103,0.09207128738181306,0.08133428287812801,0.07531569083935986,0.030196126215230018,0.16340763443125703,0.14787436361720485,0.11297110457908723,0.08810901421965588
2022-03-22,0.16981969839853103,0.09207128738181306,0.08133428287812801,0.07531569083935986,0.030196126215230018,0.16340763443125703,0.14787436361720485,0.11297110457908723,0.08810901421965588
2022-03-23,0.16981969839853103,0.09207128738181306,0.08133428287812801,0.07531569083935986,0.030196126215230018,0.16340763443125703,0.14787436361720485,0.11297110457908723,0.08810901421965588
2022-03-24,0.16981969839853103,0.09207128738181306,0.08133428287812801,0.07531569083935986,0.030196126215230018,0.16340763443125703,0.14787436361720485,0.11297110457908723,0.08810901421965588
2022-03-25,0.16981969839853103,0.09207128738181306,0.08133428287812801,0.07531569083935986,0.030196126215230018,0.16340763443125703,0.14787436361720485,0.11297110457908723,0.08810901421965588
2022-03-28,0.16981969839853103,0.09207128738181306,0.08133428287812801,0.07531569083935986,0.030196126215230018,0.16340763443125703,0.14787436361720485,0.11297110457908723,0.08810901421965588
2022-03-29,0.16981969839853103,0.09207128738181306,0.08133428287812801,0.07531569083935986,0.030196126215230018,0.16340763443125703,0.14787436361720485,0.11297110457908723,0.08810901421965588
2022-03-30,0.16981969839853103,0.09207128738181306,0.08133428287812801,0.07531569083935986,0.030196126215230018,0.16340763443125703,0.14787436361720485,0.11297110457908723,0.08810901421965588
2022-03-31,0.16981969839853103,0.09207128738181306,0.08133428287812801,0.07531569083935986,0.030196126215230018,0.16340763443125703,0.14787436361720485,0.11297110457908723,0.08810901421965588
2022-04-01,0.17379238968602714,0.1175219668660891,0.05419025419577255,0.04759715485296303,0.04049810348045525,0.17968207041508652,0.09952791136607765,0.118774743434205,0.0
2022-04-04,0.17379238968602714,0.1175219668660891,0.05419025419577255,0.04759715485296303,0.04049810348045525,0.17968207041508652,0.09952791136607765,0.118774743434205,0.0
2022-04-05,0.17379238968602714,0.1175219668660891,0.05419025419577255,0.04759715485296303,0.04049810348045525,0.17968207041508652,0.09952791136607765,0.118774743434205,0.0
2022-04-06,0.17379238968602714,0.1175219668660891,0.05419025419577255,0.04759715485296303,0.04049810348045525,0.17968207041508652,0.09952791136607765,0.118774743434205,0.0
2022-04-07,0.17379238968602714,0.1175219668660891,0.05419025419577255,0.04759715485296303,0.04049810348045525,0.17968207041508652,0.09952791136607765,0.118774743434205,0.0
2022-04-08,0.17379238968602714,0.1175219668660891,0.05419025419577255,0.04759715485296303,0.04049810348045525,0.17968207041508652,0.09952791136607765,0.118774743434205,0.0
2022-04-11,0.17379238968602714,0.1175219668660891,0.05419025419577255,0.04759715485296303,0.04049810348045525,0.17968207041508652,0.09952791136607765,0.118774743434205,0.0
2022-04-12,0.17379238968602714,0.1175219668660891,0.05419025419577255,0.04759715485296303,0.04049810348045525,0.17968207041508652,0.09952791136607765,0.118774743434205,0.0
2022-04-13,0.17379238968602714,0.1175219668660891,0.05419025419577255,0.04759715485296303,0.04049810348045525,0.17968207041508652,0.09952791136607765,0.118774743434205,0.0
2022-04-14,0.17379238968602714,0.1175219668660891,0.05419025419577255,0.04759715485296303,0.04049810348045525,0.17968207041508652,0.09952791136607765,0.118774743434205,0.0
2022-04-18,0.17672872129436518,0.12425452142347762,0.05299466479855873,0.046259159698611815,0.047357043381222506,0.18274502191547745,0.0995968548426242,0.12274693576421396,0.0
2022-04-19,0.17672872129436518,0.12425452142347762,0.05299466479855873,0.046259159698611815,0.047357043381222506,0.18274502191547745,0.0995968548426242,0.12274693576421396,0.0
2022-04-20,0.17672872129436518,0.12425452142347762,0.05299466479855873,0.046259159698611815,0.047357043381222506,0.18274502191547745,0.0995968548426242,0.12274693576421396,0.0
2022-04-21,0.17672872129436518,0.12425452142347762,0.05299466479855873,0.046259159698611815,0.047357043381222506,0.18274502191547745,0.0995968548426242,0.12274693576421396,0.0
2022-04-22,0.17672872129436518,0.12425452142347762,0.05299466479855873,0.046259159698611815,0.047357043381222506,0.18274502191547745,0.0995968548426242,0.12274693576421396,0.0
2022-04-25,0.17672872129436518,0.12425452142347762,0.05299466479855873,0.046259159698611815,0.047357043381222506,0.18274502191547745,0.0995968548426242,0.12274693576421396,0.0
2022-04-26,0.17672872129436518,0.12425452142347762,0.05299466479855873,0.046259159698611815,0.047357043381222506,0.18274502191547745,0.0995968548426242,0.12274693576421396,0.0
2022-04-27,0.17672872129436518,0.12425452142347762,0.05299466479855873,0.046259159698611815,0.047357043381222506,0.18274502191547745,0.0995968548426242,0.12274693576421396,0.0
2022-04-28,0.17672872129436518,0.12425452142347762,0.05299466479855873,0.046259159698611815,0.047357043381222506,0.18274502191547745,0.0995968548426242,0.12274693576421396,0.0
2022-04-29,0.17672872129436518,0.12425452142347762,0.05299466479855873,0.046259159698611815,0.047357043381222506,0.18274502191547745,0.0995968548426242,0.12274693576421396,0.0
2022-05-02,0.1631555003302706,0.0,0.07029768751742645,0.06153641522110832,0.06569416055951623,0.1631555003302706,0.1287827373624902,0.0,0.0
2022-05-03,0.1631555003302706,0.0,0.07029768751742645,0.06153641522110832,0.06569416055951623,0.1631555003302706,0.1287827373624902,0.0,0.0
2022-05-04,0.1631555003302706,0.0,0.07029768751742645,0.06153641522110832,0.06569416055951623,0.1631555003302706,0.1287827373624902,0.0,0.0
2022-05-05,0.1631555003302706,0.0,0.07029768751742645,0.06153641522110832,0.06569416055951623,0.1631555003302706,0.1287827373624902,0.0,0.0
2022-05-06,0.1631555003302706,0.0,0.07029768751742645,0.06153641522110832,0.06569416055951623,0.1631555003302706,0.1287827373624902,0.0,0.0
2022-05-09,0.1631555003302706,0.0,0.07029768751742645,0.06153641522110832,0.06569416055951623,0.1631555003302706,0.1287827373624902,0.0,0.0
2022-05-10,0.1631555003302706,0.0,0.07029768751742645,0.06153641522110832,0.06569416055951623,0.1631555003302706,0.1287827373624902,0.0,0.0
2022-05-11,0.1631555003302706,0.0,0.07029768751742645,0.06153641522110832,0.06569416055951623,0.1631555003302706,0.1287827373624902,0.0,0.0
2022-05-12,0.1631555003302706,0.0,0.07029768751742645,0.06153641522110832,0.06569416055951623,0.1631555003302706,0.1287827373624902,0.0,0.0
2022-05-13,0.1631555003302706,0.0,0.07029768751742645,0.06153641522110832,0.06569416055951623,0.1631555003302706,0.1287827373624902,0.0,0.0
2022-05-16,0.1631555003302706,0.0,0.07029768751742645,0.06153641522110832,0.06569416055951623,0.1631555003302706,0.1287827373624902,0.0,0.0
2022-05-17,0.1631555003302706,0.0,0.07029768751742645,0.06153641522110832,0.06569416055951623,0.1631555003302706,0.1287827373624902,0.0,0.0
2022-05-18,0.1631555003302706,0.0,0.07029768751742645,0.06153641522110832,0.06569416055951623,0.1631555003302706,0.1287827373624902,0.0,0.0
2022-05-19,0.1631555003302706,0.0,0.07029768751742645,0.06153641522110832,0.06569416055951623,0.1631555003302706,0.1287827373624902,0.0,0.0
2022-05-20,0.1631555003302706,0.0,0.07029768751742645,0.06153641522110832,0.06569416055951623,0.1631555003302706,0.1287827373624902,0.0,0.0
2022-05-23,0.1631555003302706,0.0,0.07029768751742645,0.06153641522110832,0.06569416055951623,0.1631555003302706,0.1287827373624902,0.0,0.0
2022-05-24,0.1631555003302706,0.0,0.07029768751742645,0.06153641522110832,0.06569416055951623,0.1631555003302706,0.1287827373624902,0.0,0.0
2022-05-25,0.1631555003302706,0.0,0.07029768751742645,0.06153641522110832,0.06569416055951623,0.1631555003302706,0.1287827373624902,0.0,0.0
2022-05-26,0.1631555003302706,0.0,0.07029768751742645,0.06153641522110832,0.06569416055951623,0.1631555003302706,0.1287827373624902,0.0,0.0
2022-05-27,0.1631555003302706,0.0,0.07029768751742645,0.06153641522110832,0.06569416055951623,0.1631555003302706,0.1287827373624902,0.0,0.0
2022-05-31,0.1631555003302706,0.0,0.07029768751742645,0.06153641522110832,0.06569416055951623,0.1631555003302706,0.1287827373624902,0.0,0.0
2022-06-01,0.16642927508121608,0.0,0.08538304949904277,0.07764983426779051,0.06996810134686922,0.16642927508121608,0.0,0.0,0.0
2022-06-02,0.16642927508121608,0.0,0.08538304949904277,0.07764983426779051,0.06996810134686922,0.16642927508121608,0.0,0.0,0.0
2022-06-03,0.16642927508121608,0.0,0.08538304949904277,0.07764983426779051,0.06996810134686922,0.16642927508121608,0.0,0.0,0.0
2022-06-06,0.16642927508121608,0.0,0.08538304949904277,0.07764983426779051,0.06996810134686922,0.16642927508121608,0.0,0.0,0.0
2022-06-07,0.16642927508121608,0.0,0.08538304949904277,0.07764983426779051,0.06996810134686922,0.16642927508121608,0.0,0.0,0.0
2022-06-08,0.16642927508121608,0.0,0.08538304949904277,0.07764983426779051,0.06996810134686922,0.16642927508121608,0.0,0.0,0.0
2022-06-09,0.16642927508121608,0.0,0.08538304949904277,0.07764983426779051,0.06996810134686922,0.16642927508121608,0.0,0.0,0.0
2022-06-10,0.16642927508121608,0.0,0.08538304949904277,0.07764983426779051,0.06996810134686922,0.16642927508121608,0.0,0.0,0.0
2022-06-13,0.16642927508121608,0.0,0.08538304949904277,0.07764983426779051,0.06996810134686922,0.16642927508121608,0.0,0.0,0.0
2022-06-14,0.16642927508121608,0.0,0.08538304949904277,0.07764983426779051,0.06996810134686922,0.16642927508121608,0.0,0.0,0.0
2022-06-15,0.16642927508121608,0.0,0.08538304949904277,0.07764983426779051,0.06996810134686922,0.16642927508121608,0.0,0.0,0.0
2022-06-16,0.16642927508121608,0.0,0.08538304949904277,0.07764983426779051,0.06996810134686922,0.16642927508121608,0.0,0.0,0.0
2022-06-17,0.16642927508121608,0.0,0.08538304949904277,0.07764983426779051,0.06996810134686922,0.16642927508121608,0.0,0.0,0.0
2022-06-21,0.16642927508121608,0.0,0.08538304949904277,0.07764983426779051,0.06996810134686922,0.16642927508121608,0.0,0.0,0.0
2022-06-22,0.16642927508121608,0.0,0.08538304949904277,0.07764983426779051,0.06996810134686922,0.16642927508121608,0.0,0.0,0.0
2022-06-23,0.16642927508121608,0.0,0.08538304949904277,0.07764983426779051,0.06996810134686922,0.16642927508121608,0.0,0.0,0.0
2022-06-24,0.16642927508121608,0.0,0.08538304949904277,0.07764983426779051,0.06996810134686922,0.16642927508121608,0.0,0.0,0.0
2022-06-27,0.16642927508121608,0.0,0.08538304949904277,0.07764983426779051,0.06996810134686922,0.16642927508121608,0.0,0.0,0.0
2022-06-28,0.16642927508121608,0.0,0.08538304949904277,0.07764983426779051,0.06996810134686922,0.16642927508121608,0.0,0.0,0.0
2022-06-29,0.16642927508121608,0.0,0.08538304949904277,0.07764983426779051,0.06996810134686922,0.16642927508121608,0.0,0.0,0.0
2022-06-30,0.16642927508121608,0.0,0.08538304949904277,0.07764983426779051,0.06996810134686922,0.16642927508121608,0.0,0.0,0.0
2022-07-01,0.0,0.0,0.11335694907046197,0.11335694907046197,0.11335694907046197,0.0,0.0,0.0,0.0
2022-07-05,0.0,0.0,0.11335694907046197,0.11335694907046197,0.11335694907046197,0.0,0.0,0.0,0.0
2022-07-06,0.0,0.0,0.11335694907046197,0.11335694907046197,0.11335694907046197,0.0,0.0,0.0,0.0
2022-07-07,0.0,0.0,0.11335694907046197,0.11335694907046197,0.11335694907046197,0.0,0.0,0.0,0.0
2022-07-08,0.0,0.0,0.11335694907046197,0.11335694907046197,0.11335694907046197,0.0,0.0,0.0,0.0
2022-07-11,0.0,0.0,0.11335694907046197,0.11335694907046197,0.11335694907046197,0.0,0.0,0.0,0.0
2022-07-12,0.0,0.0,0.11335694907046197,0.11335694907046197,0.11335694907046197,0.0,0.0,0.0,0.0
2022-07-13,0.0,0.0,0.11335694907046197,0.11335694907046197,0.11335694907046197,0.0,0.0,0.0,0.0
2022-07-14,0.0,0.0,0.11335694907046197,0.11335694907046197,0.11335694907046197,0.0,0.0,0.0,0.0
2022-07-15,0.0,0.0,0.11335694907046197,0.11335694907046197,0.11335694907046197,0.0,0.0,0.0,0.0
2022-07-18,0.0,0.0,0.11335694907046197,0.11335694907046197,0.11335694907046197,0.0,0.0,0.0,0.0
2022-07-19,0.0,0.0,0.11335694907046197,0.11335694907046197,0.11335694907046197,0.0,0.0,0.0,0.0
2022-07-20,0.0,0.0,0.11335694907046197,0.11335694907046197,0.11335694907046197,0.0,0.0,0.0,0.0
2022-07-21,0.0,0.0,0.11335694907046197,0.11335694907046197,0.11335694907046197,0.0,0.0,0.0,0.0
2022-07-22,0.0,0.0,0.11335694907046197,0.11335694907046197,0.11335694907046197,0.0,0.0,0.0,0.0
2022-07-25,0.0,0.0,0.11335694907046197,0.11335694907046197,0.11335694907046197,0.0,0.0,0.0,0.0
2022-07-26,0.0,0.0,0.11335694907046197,0.11335694907046197,0.11335694907046197,0.0,0.0,0.0,0.0
2022-07-27,0.0,0.0,0.11335694907046197,0.11335694907046197,0.11335694907046197,0.0,0.0,0.0,0.0
2022-07-28,0.0,0.0,0.11335694907046197,0.11335694907046197,0.11335694907046197,0.0,0.0,0.0,0.0
2022-07-29,0.0,0.0,0.11335694907046197,0.11335694907046197,0.11335694907046197,0.0,0.0,0.0,0.0
2022-08-01,0.0,0.0,0.1078378625823273,0.1078378625823273,0.1078378625823273,0.0,0.0,0.0,0.0
2022-08-02,0.0,0.0,0.1078378625823273,0.1078378625823273,0.1078378625823273,0.0,0.0,0.0,0.0
2022-08-03,0.0,0.0,0.1078378625823273,0.1078378625823273,0.1078378625823273,0.0,0.0,0.0,0.0
2022-08-04,0.0,0.0,0.1078378625823273,0.1078378625823273,0.1078378625823273,0.0,0.0,0.0,0.0
2022-08-05,0.0,0.0,0.1078378625823273,0.1078378625823273,0.1078378625823273,0.0,0.0,0.0,0.0
2022-08-08,0.0,0.0,0.1078378625823273,0.1078378625823273,0.1078378625823273,0.0,0.0,0.0,0.0
2022-08-09,0.0,0.0,0.1078378625823273,0.1078378625823273,0.1078378625823273,0.0,0.0,0.0,0.0
2022-08-10,0.0,0.0,0.1078378625823273,0.1078378625823273,0.1078378625823273,0.0,0.0,0.0,0.0
2022-08-11,0.0,0.0,0.1078378625823273,0.1078378625823273,0.1078378625823273,0.0,0.0,0.0,0.0
2022-08-12,0.0,0.0,0.1078378625823273,0.1078378625823273,0.1078378625823273,0.0,0.0,0.0,0.0
2022-08-15,0.0,0.0,0.1078378625823273,0.1078378625823273,0.1078378625823273,0.0,0.0,0.0,0.0
2022-08-16,0.0,0.0,0.11666666666666665,0.11666666666666665,0.11666666666666665,0.0,0.0,0.0,0.0
2022-08-17,0.0,0.0,0.11666666666666665,0.11666666666666665,0.11666666666666665,0.0,0.0,0.0,0.0
2022-08-18,0.0,0.0,0.11666666666666665,0.11666666666666665,0.11666666666666665,0.0,0.0,0.0,0.0
2022-08-19,0.0,0.0,0.11666666666666665,0.11666666666666665,0.11666666666666665,0.0,0.0,0.0,0.0
2022-08-22,0.0,0.0,0.11666666666666665,0.11666666666666665,0.11666666666666665,0.0,0.0,0.0,0.0
2022-08-23,0.0,0.0,0.11666666666666665,0.11666666666666665,0.11666666666666665,0.0,0.0,0.0,0.0
2022-08-24,0.0,0.0,0.11666666666666665,0.11666666666666665,0.11666666666666665,0.0,0.0,0.0,0.0
2022-08-25,0.0,0.0,0.11666666666666665,0.11666666666666665,0.11666666666666665,0.0,0.0,0.0,0.0
2022-08-26,0.0,0.0,0.11666666666666665,0.11666666666666665,0.11666666666666665,0.0,0.0,0.0,0.0
2022-08-29,0.0,0.0,0.11666666666666665,0.11666666666666665,0.11666666666666665,0.0,0.0,0.0,0.0
2022-08-30,0.0,0.0,0.11666666666666665,0.11666666666666665,0.11666666666666665,0.0,0.0,0.0,0.0
2022-08-31,0.0,0.0,0.11666666666666665,0.11666666666666665,0.11666666666666665,0.0,0.0,0.0,0.0
2022-09-01,0.0,0.0,0.0,0.0,0.1920266166413341,0.0,0.0,0.0,0.0
2022-09-02,0.0,0.0,0.0,0.0,0.1920266166413341,0.0,0.0,0.0,0.0
2022-09-06,0.0,0.0,0.0,0.0,0.1920266166413341,0.0,0.0,0.0,0.0
2022-09-07,0.0,0.0,0.0,0.0,0.1920266166413341,0.0,0.0,0.0,0.0
2022-09-08,0.0,0.0,0.0,0.0,0.1920266166413341,0.0,0.0,0.0,0.0
2022-09-09,0.0,0.0,0.0,0.0,0.1920266166413341,0.0,0.0,0.0,0.0
2022-09-12,0.0,0.0,0.0,0.0,0.1920266166413341,0.0,0.0,0.0,0.0
2022-09-13,0.0,0.0,0.0,0.0,0.1920266166413341,0.0,0.0,0.0,0.0
2022-09-14,0.0,0.0,0.0,0.0,0.1920266166413341,0.0,0.0,0.0,0.0
2022-09-15,0.0,0.0,0.0,0.0,0.1920266166413341,0.0,0.0,0.0,0.0
2022-09-16,0.0,0.0,0.0,0.0,0.1920266166413341,0.0,0.0,0.0,0.0
2022-09-19,0.0,0.0,0.0,0.0,0.1920266166413341,0.0,0.0,0.0,0.0
2022-09-20,0.0,0.0,0.0,0.0,0.1920266166413341,0.0,0.0,0.0,0.0
2022-09-21,0.0,0.0,0.0,0.0,0.1920266166413341,0.0,0.0,0.0,0.0
2022-09-22,0.0,0.0,0.0,0.0,0.1920266166413341,0.0,0.0,0.0,0.0
2022-09-23,0.0,0.0,0.0,0.0,0.1920266166413341,0.0,0.0,0.0,0.0
2022-09-26,0.0,0.0,0.0,0.0,0.1920266166413341,0.0,0.0,0.0,0.0
2022-09-27,0.0,0.0,0.0,0.0,0.1920266166413341,0.0,0.0,0.0,0.0
2022-09-28,0.0,0.0,0.0,0.0,0.1920266166413341,0.0,0.0,0.0,0.0
2022-09-29,0.0,0.0,0.0,0.0,0.1920266166413341,0.0,0.0,0.0,0.0
2022-09-30,0.0,0.0,0.0,0.0,0.1920266166413341,0.0,0.0,0.0,0.0
2022-10-03,0.0,0.0,0.0,0.0,0.22588765101665162,0.0,0.0,0.0,0.0
2022-10-04,0.0,0.0,0.0,0.0,0.22588765101665162,0.0,0.0,0.0,0.0
2022-10-05,0.0,0.0,0.0,0.0,0.22588765101665162,0.0,0.0,0.0,0.0
2022-10-06,0.0,0.0,0.0,0.0,0.22588765101665162,0.0,0.0,0.0,0.0
2022-10-07,0.0,0.0,0.0,0.0,0.22588765101665162,0.0,0.0,0.0,0.0
2022-10-10,0.0,0.0,0.0,0.0,0.22588765101665162,0.0,0.0,0.0,0.0
2022-10-11,0.0,0.0,0.0,0.0,0.22588765101665162,0.0,0.0,0.0,0.0
2022-10-12,0.0,0.0,0.0,0.0,0.22588765101665162,0.0,0.0,0.0,0.0
2022-10-13,0.0,0.0,0.0,0.0,0.22588765101665162,0.0,0.0,0.0,0.0
2022-10-14,0.0,0.0,0.0,0.0,0.22588765101665162,0.0,0.0,0.0,0.0
2022-10-17,0.0,0.0,0.0,0.0,0.22588765101665162,0.0,0.0,0.0,0.0
2022-10-18,0.0,0.0,0.0,0.0,0.22588765101665162,0.0,0.0,0.0,0.0
2022-10-19,0.0,0.0,0.0,0.0,0.22588765101665162,0.0,0.0,0.0,0.0
2022-10-20,0.0,0.0,0.0,0.0,0.22588765101665162,0.0,0.0,0.0,0.0
2022-10-21,0.0,0.0,0.0,0.0,0.22588765101665162,0.0,0.0,0.0,0.0
2022-10-24,0.0,0.0,0.0,0.0,0.22588765101665162,0.0,0.0,0.0,0.0
2022-10-25,0.0,0.0,0.0,0.0,0.22588765101665162,0.0,0.0,0.0,0.0
2022-10-26,0.0,0.0,0.0,0.0,0.22588765101665162,0.0,0.0,0.0,0.0
2022-10-27,0.0,0.0,0.0,0.0,0.22588765101665162,0.0,0.0,0.0,0.0
2022-10-28,0.0,0.0,0.0,0.0,0.22588765101665162,0.0,0.0,0.0,0.0
2022-10-31,0.0,0.0,0.0,0.0,0.22588765101665162,0.0,0.0,0.0,0.0
2022-11-01,0.0,0.0,0.0,0.25,0.0,0.0,0.0,0.0,0.0
2022-11-02,0.0,0.0,0.0,0.25,0.0,0.0,0.0,0.0,0.0
2022-11-03,0.0,0.0,0.0,0.25,0.0,0.0,0.0,0.0,0.0
2022-11-04,0.0,0.0,0.0,0.25,0.0,0.0,0.0,0.0,0.0
2022-11-07,0.0,0.0,0.0,0.25,0.0,0.0,0.0,0.0,0.0
2022-11-08,0.0,0.0,0.0,0.25,0.0,0.0,0.0,0.0,0.0
2022-11-09,0.0,0.0,0.0,0.25,0.0,0.0,0.0,0.0,0.0
2022-11-10,0.0,0.0,0.0,0.25,0.0,0.0,0.0,0.0,0.0
2022-11-11,0.0,0.0,0.0,0.25,0.0,0.0,0.0,0.0,0.0
2022-11-14,0.0,0.0,0.0,0.25,0.0,0.0,0.0,0.0,0.0
2022-11-15,0.0,0.0,0.0,0.25,0.0,0.0,0.0,0.0,0.0
2022-11-16,0.0,0.0,0.0,0.25,0.0,0.0,0.0,0.0,0.0
2022-11-17,0.0,0.0,0.0,0.25,0.0,0.0,0.0,0.0,0.0
2022-11-18,0.0,0.0,0.0,0.25,0.0,0.0,0.0,0.0,0.0
2022-11-21,0.0,0.0,0.0,0.25,0.0,0.0,0.0,0.0,0.0
2022-11-22,0.0,0.0,0.0,0.25,0.0,0.0,0.0,0.0,0.0
2022-11-23,0.0,0.0,0.0,0.25,0.0,0.0,0.0,0.0,0.0
2022-11-25,0.0,0.0,0.0,0.25,0.0,0.0,0.0,0.0,0.0
2022-11-28,0.0,0.0,0.0,0.25,0.0,0.0,0.0,0.0,0.0
2022-11-29,0.0,0.0,0.0,0.25,0.0,0.0,0.0,0.0,0.0
2022-11-30,0.0,0.0,0.0,0.25,0.0,0.0,0.0,0.0,0.0
2022-12-01,0.0,0.175,0.0,0.0,0.0,0.0,0.0,0.0,0.175
2022-12-02,0.0,0.175,0.0,0.0,0.0,0.0,0.0,0.0,0.175
2022-12-05,0.0,0.175,0.0,0.0,0.0,0.0,0.0,0.0,0.175
2022-12-06,0.0,0.175,0.0,0.0,0.0,0.0,0.0,0.0,0.175
2022-12-07,0.0,0.175,0.0,0.0,0.0,0.0,0.0,0.0,0.175
2022-12-08,0.0,0.175,0.0,0.0,0.0,0.0,0.0,0.0,0.175
2022-12-09,0.0,0.175,0.0,0.0,0.0,0.0,0.0,0.0,0.175
2022-12-12,0.0,0.175,0.0,0.0,0.0,0.0,0.0,0.0,0.175
2022-12-13,0.0,0.175,0.0,0.0,0.0,0.0,0.0,0.0,0.175
2022-12-14,0.0,0.175,0.0,0.0,0.0,0.0,0.0,0.0,0.175
2022-12-15,0.0,0.175,0.0,0.0,0.0,0.0,0.0,0.0,0.175
2022-12-16,0.0,0.175,0.0,0.0,0.0,0.0,0.0,0.0,0.175
2022-12-19,0.0,0.175,0.0,0.0,0.0,0.0,0.0,0.0,0.175
2022-12-20,0.0,0.175,0.0,0.0,0.0,0.0,0.0,0.0,0.175
2022-12-21,0.0,0.175,0.0,0.0,0.0,0.0,0.0,0.0,0.175
2022-12-22,0.0,0.175,0.0,0.0,0.0,0.0,0.0,0.0,0.175
2022-12-23,0.0,0.175,0.0,0.0,0.0,0.0,0.0,0.0,0.175
2022-12-27,0.0,0.175,0.0,0.0,0.0,0.0,0.0,0.0,0.175
2022-12-28,0.0,0.175,0.0,0.0,0.0,0.0,0.0,0.0,0.175
2022-12-29,0.0,0.175,0.0,0.0,0.0,0.0,0.0,0.0,0.175
2022-12-30,0.0,0.175,0.0,0.0,0.0,0.0,0.0,0.0,0.175
2023-01-03,0.11666666666666665,0.11666666666666665,0.0,0.0,0.0,0.0,0.0,0.0,0.11666666666666665
2023-01-04,0.11666666666666665,0.11666666666666665,0.0,0.0,0.0,0.0,0.0,0.0,0.11666666666666665
2023-01-05,0.11666666666666665,0.11666666666666665,0.0,0.0,0.0,0.0,0.0,0.0,0.11666666666666665
2023-01-06,0.11666666666666665,0.11666666666666665,0.0,0.0,0.0,0.0,0.0,0.0,0.11666666666666665
2023-01-09,0.11666666666666665,0.11666666666666665,0.0,0.0,0.0,0.0,0.0,0.0,0.11666666666666665
2023-01-10,0.11666666666666665,0.11666666666666665,0.0,0.0,0.0,0.0,0.0,0.0,0.11666666666666665
2023-01-11,0.11666666666666665,0.11666666666666665,0.0,0.0,0.0,0.0,0.0,0.0,0.11666666666666665
2023-01-12,0.11666666666666665,0.11666666666666665,0.0,0.0,0.0,0.0,0.0,0.0,0.11666666666666665
2023-01-13,0.11666666666666665,0.11666666666666665,0.0,0.0,0.0,0.0,0.0,0.0,0.11666666666666665
2023-01-17,0.11666666666666665,0.11666666666666665,0.0,0.0,0.0,0.0,0.0,0.0,0.11666666666666665
2023-01-18,0.11666666666666665,0.11666666666666665,0.0,0.0,0.0,0.0,0.0,0.0,0.11666666666666665
2023-01-19,0.11666666666666665,0.11666666666666665,0.0,0.0,0.0,0.0,0.0,0.0,0.11666666666666665
2023-01-20,0.11666666666666665,0.11666666666666665,0.0,0.0,0.0,0.0,0.0,0.0,0.11666666666666665
2023-01-23,0.11666666666666665,0.11666666666666665,0.0,0.0,0.0,0.0,0.0,0.0,0.11666666666666665
2023-01-24,0.11666666666666665,0.11666666666666665,0.0,0.0,0.0,0.0,0.0,0.0,0.11666666666666665
2023-01-25,0.11666666666666665,0.11666666666666665,0.0,0.0,0.0,0.0,0.0,0.0,0.11666666666666665
2023-01-26,0.11666666666666665,0.11666666666666665,0.0,0.0,0.0,0.0,0.0,0.0,0.11666666666666665
2023-01-27,0.11666666666666665,0.11666666666666665,0.0,0.0,0.0,0.0,0.0,0.0,0.11666666666666665
2023-01-30,0.11666666666666665,0.11666666666666665,0.0,0.0,0.0,0.0,0.0,0.0,0.11666666666666665
2023-01-31,0.11666666666666665,0.11666666666666665,0.0,0.0,0.0,0.0,0.0,0.0,0.11666666666666665
2023-02-01,0.14472351565585947,0.09702993524642362,0.0,0.0,0.0,0.0,0.18390227454309643,0.1617185471519764,0.1038673707927898
2023-02-02,0.14472351565585947,0.09702993524642362,0.0,0.0,0.0,0.0,0.18390227454309643,0.1617185471519764,0.1038673707927898
2023-02-03,0.14472351565585947,0.09702993524642362,0.0,0.0,0.0,0.0,0.18390227454309643,0.1617185471519764,0.1038673707927898
2023-02-06,0.14472351565585947,0.09702993524642362,0.0,0.0,0.0,0.0,0.18390227454309643,0.1617185471519764,0.1038673707927898
2023-02-07,0.14472351565585947,0.09702993524642362,0.0,0.0,0.0,0.0,0.18390227454309643,0.1617185471519764,0.1038673707927898
2023-02-08,0.14472351565585947,0.09702993524642362,0.0,0.0,0.0,0.0,0.18390227454309643,0.1617185471519764,0.1038673707927898
2023-02-09,0.14472351565585947,0.09702993524642362,0.0,0.0,0.0,0.0,0.18390227454309643,0.1617185471519764,0.1038673707927898
2023-02-10,0.14472351565585947,0.09702993524642362,0.0,0.0,0.0,0.0,0.18390227454309643,0.1617185471519764,0.1038673707927898
2023-02-13,0.14472351565585947,0.09702993524642362,0.0,0.0,0.0,0.0,0.18390227454309643,0.1617185471519764,0.1038673707927898
2023-02-14,0.14472351565585947,0.09702993524642362,0.0,0.0,0.0,0.0,0.18390227454309643,0.1617185471519764,0.1038673707927898
2023-02-15,0.14472351565585947,0.09702993524642362,0.0,0.0,0.0,0.0,0.18390227454309643,0.1617185471519764,0.1038673707927898
2023-02-16,0.14472351565585947,0.09702993524642362,0.0,0.0,0.0,0.0,0.18390227454309643,0.1617185471519764,0.1038673707927898
2023-02-17,0.14472351565585947,0.09702993524642362,0.0,0.0,0.0,0.0,0.18390227454309643,0.1617185471519764,0.1038673707927898
2023-02-21,0.14472351565585947,0.09702993524642362,0.0,0.0,0.0,0.0,0.18390227454309643,0.1617185471519764,0.1038673707927898
2023-02-22,0.14472351565585947,0.09702993524642362,0.0,0.0,0.0,0.0,0.18390227454309643,0.1617185471519764,0.1038673707927898
2023-02-23,0.14472351565585947,0.09702993524642362,0.0,0.0,0.0,0.0,0.18390227454309643,0.1617185471519764,0.1038673707927898
2023-02-24,0.14472351565585947,0.09702993524642362,0.0,0.0,0.0,0.0,0.18390227454309643,0.1617185471519764,0.1038673707927898
2023-02-27,0.14472351565585947,0.09702993524642362,0.0,0.0,0.0,0.0,0.18390227454309643,0.1617185471519764,0.1038673707927898
2023-02-28,0.14472351565585947,0.09702993524642362,0.0,0.0,0.0,0.0,0.18390227454309643,0.1617185471519764,0.1038673707927898
2023-03-01,0.175,0.0,0.0,0.0,0.0,0.0,0.175,0.175,0.175
2023-03-02,0.175,0.0,0.0,0.0,0.0,0.0,0.175,0.175,0.175
2023-03-03,0.175,0.0,0.0,0.0,0.0,0.0,0.175,0.175,0.175
2023-03-06,0.175,0.0,0.0,0.0,0.0,0.0,0.175,0.175,0.175
2023-03-07,0.175,0.0,0.0,0.0,0.0,0.0,0.175,0.175,0.175
2023-03-08,0.175,0.0,0.0,0.0,0.0,0.0,0.175,0.175,0.175
2023-03-09,0.175,0.0,0.0,0.0,0.0,0.0,0.175,0.175,0.175
2023-03-10,0.175,0.0,0.0,0.0,0.0,0.0,0.175,0.175,0.175
2023-03-13,0.175,0.0,0.0,0.0,0.0,0.0,0.175,0.175,0.175
2023-03-14,0.175,0.0,0.0,0.0,0.0,0.0,0.175,0.175,0.175
2023-03-15,0.175,0.0,0.0,0.0,0.0,0.0,0.175,0.175,0.175
2023-03-16,0.175,0.0,0.0,0.0,0.0,0.0,0.175,0.175,0.175
2023-03-17,0.175,0.0,0.0,0.0,0.0,0.0,0.175,0.175,0.175
2023-03-20,0.175,0.0,0.0,0.0,0.0,0.0,0.175,0.175,0.175
2023-03-21,0.175,0.0,0.0,0.0,0.0,0.0,0.175,0.175,0.175
2023-03-22,0.175,0.0,0.0,0.0,0.0,0.0,0.175,0.175,0.175
2023-03-23,0.175,0.0,0.0,0.0,0.0,0.0,0.175,0.175,0.175
2023-03-24,0.175,0.0,0.0,0.0,0.0,0.0,0.175,0.175,0.175
2023-03-27,0.175,0.0,0.0,0.0,0.0,0.0,0.175,0.175,0.175
2023-03-28,0.175,0.0,0.0,0.0,0.0,0.0,0.175,0.175,0.175
2023-03-29,0.175,0.0,0.0,0.0,0.0,0.0,0.175,0.175,0.175
2023-03-30,0.175,0.0,0.0,0.0,0.0,0.0,0.175,0.175,0.175
2023-03-31,0.175,0.0,0.0,0.0,0.0,0.0,0.175,0.175,0.175
2023-04-03,0.15780301942966196,0.0951553201460642,0.0,0.0,0.0,0.25,0.1542008919325536,0.15126473382010955,0.0970416604242738
2023-04-04,0.15780301942966196,0.0951553201460642,0.0,0.0,0.0,0.25,0.1542008919325536,0.15126473382010955,0.0970416604242738
2023-04-05,0.15780301942966196,0.0951553201460642,0.0,0.0,0.0,0.25,0.1542008919325536,0.15126473382010955,0.0970416604242738
2023-04-06,0.15780301942966196,0.0951553201460642,0.0,0.0,0.0,0.25,0.1542008919325536,0.15126473382010955,0.0970416604242738
2023-04-10,0.15780301942966196,0.0951553201460642,0.0,0.0,0.0,0.25,0.1542008919325536,0.15126473382010955,0.0970416604242738
2023-04-11,0.15780301942966196,0.0951553201460642,0.0,0.0,0.0,0.25,0.1542008919325536,0.15126473382010955,0.0970416604242738
2023-04-12,0.15780301942966196,0.0951553201460642,0.0,0.0,0.0,0.25,0.1542008919325536,0.15126473382010955,0.0970416604242738
2023-04-13,0.15780301942966196,0.0951553201460642,0.0,0.0,0.0,0.25,0.1542008919325536,0.15126473382010955,0.0970416604242738
2023-04-14,0.15780301942966196,0.0951553201460642,0.0,0.0,0.0,0.25,0.1542008919325536,0.15126473382010955,0.0970416604242738
2023-04-17,0.1584776174273439,0.09612519439518141,0.0,0.0,0.0,0.25,0.16777088324963765,0.15655077326730238,0.09539718817747464
2023-04-18,0.1584776174273439,0.09612519439518141,0.0,0.0,0.0,0.25,0.16777088324963765,0.15655077326730238,0.09539718817747464
2023-04-19,0.1584776174273439,0.09612519439518141,0.0,0.0,0.0,0.25,0.16777088324963765,0.15655077326730238,0.09539718817747464
2023-04-20,0.1584776174273439,0.09612519439518141,0.0,0.0,0.0,0.25,0.16777088324963765,0.15655077326730238,0.09539718817747464
2023-04-21,0.1584776174273439,0.09612519439518141,0.0,0.0,0.0,0.25,0.16777088324963765,0.15655077326730238,0.09539718817747464
2023-04-24,0.1584776174273439,0.09612519439518141,0.0,0.0,0.0,0.25,0.16777088324963765,0.15655077326730238,0.09539718817747464
2023-04-25,0.1584776174273439,0.09612519439518141,0.0,0.0,0.0,0.25,0.16777088324963765,0.15655077326730238,0.09539718817747464
2023-04-26,0.1584776174273439,0.09612519439518141,0.0,0.0,0.0,0.25,0.16777088324963765,0.15655077326730238,0.09539718817747464
2023-04-27,0.1584776174273439,0.09612519439518141,0.0,0.0,0.0,0.25,0.16777088324963765,0.15655077326730238,0.09539718817747464
2023-04-28,0.1584776174273439,0.09612519439518141,0.0,0.0,0.0,0.25,0.16777088324963765,0.15655077326730238,0.09539718817747464
2023-05-01,0.15933092498629733,0.10009647591316859,0.0,0.0,0.0,0.25,0.0,0.2008285192750553,0.09057259910053404
2023-05-02,0.15933092498629733,0.10009647591316859,0.0,0.0,0.0,0.25,0.0,0.2008285192750553,0.09057259910053404
2023-05-03,0.15933092498629733,0.10009647591316859,0.0,0.0,0.0,0.25,0.0,0.2008285192750553,0.09057259910053404
2023-05-04,0.15933092498629733,0.10009647591316859,0.0,0.0,0.0,0.25,0.0,0.2008285192750553,0.09057259910053404
2023-05-05,0.15933092498629733,0.10009647591316859,0.0,0.0,0.0,0.25,0.0,0.2008285192750553,0.09057259910053404
2023-05-08,0.15933092498629733,0.10009647591316859,0.0,0.0,0.0,0.25,0.0,0.2008285192750553,0.09057259910053404
2023-05-09,0.15933092498629733,0.10009647591316859,0.0,0.0,0.0,0.25,0.0,0.2008285192750553,0.09057259910053404
2023-05-10,0.15933092498629733,0.10009647591316859,0.0,0.0,0.0,0.25,0.0,0.2008285192750553,0.09057259910053404
2023-05-11,0.15933092498629733,0.10009647591316859,0.0,0.0,0.0,0.25,0.0,0.2008285192750553,0.09057259910053404
2023-05-12,0.15933092498629733,0.10009647591316859,0.0,0.0,0.0,0.25,0.0,0.2008285192750553,0.09057259910053404
2023-05-15,0.15933092498629733,0.10009647591316859,0.0,0.0,0.0,0.25,0.0,0.2008285192750553,0.09057259910053404
2023-05-16,0.15933092498629733,0.10009647591316859,0.0,0.0,0.0,0.25,0.0,0.2008285192750553,0.09057259910053404
2023-05-17,0.15933092498629733,0.10009647591316859,0.0,0.0,0.0,0.25,0.0,0.2008285192750553,0.09057259910053404
2023-05-18,0.15933092498629733,0.10009647591316859,0.0,0.0,0.0,0.25,0.0,0.2008285192750553,0.09057259910053404
2023-05-19,0.15933092498629733,0.10009647591316859,0.0,0.0,0.0,0.25,0.0,0.2008285192750553,0.09057259910053404
2023-05-22,0.15933092498629733,0.10009647591316859,0.0,0.0,0.0,0.25,0.0,0.2008285192750553,0.09057259910053404
2023-05-23,0.15933092498629733,0.10009647591316859,0.0,0.0,0.0,0.25,0.0,0.2008285192750553,0.09057259910053404
2023-05-24,0.15933092498629733,0.10009647591316859,0.0,0.0,0.0,0.25,0.0,0.2008285192750553,0.09057259910053404
2023-05-25,0.15933092498629733,0.10009647591316859,0.0,0.0,0.0,0.25,0.0,0.2008285192750553,0.09057259910053404
2023-05-26,0.15933092498629733,0.10009647591316859,0.0,0.0,0.0,0.25,0.0,0.2008285192750553,0.09057259910053404
2023-05-30,0.15933092498629733,0.10009647591316859,0.0,0.0,0.0,0.25,0.0,0.2008285192750553,0.09057259910053404
2023-05-31,0.15933092498629733,0.10009647591316859,0.0,0.0,0.0,0.25,0.0,0.2008285192750553,0.09057259910053404
2023-06-01,0.11666666666666665,0.11666666666666665,0.0,0.0,0.0,0.25,0.0,0.0,0.11666666666666665
2023-06-02,0.11666666666666665,0.11666666666666665,0.0,0.0,0.0,0.25,0.0,0.0,0.11666666666666665
2023-06-05,0.11666666666666665,0.11666666666666665,0.0,0.0,0.0,0.25,0.0,0.0,0.11666666666666665
2023-06-06,0.11666666666666665,0.11666666666666665,0.0,0.0,0.0,0.25,0.0,0.0,0.11666666666666665
2023-06-07,0.11666666666666665,0.11666666666666665,0.0,0.0,0.0,0.25,0.0,0.0,0.11666666666666665
2023-06-08,0.11666666666666665,0.11666666666666665,0.0,0.0,0.0,0.25,0.0,0.0,0.11666666666666665
2023-06-09,0.11666666666666665,0.11666666666666665,0.0,0.0,0.0,0.25,0.0,0.0,0.11666666666666665
2023-06-12,0.11666666666666665,0.11666666666666665,0.0,0.0,0.0,0.25,0.0,0.0,0.11666666666666665
2023-06-13,0.11666666666666665,0.11666666666666665,0.0,0.0,0.0,0.25,0.0,0.0,0.11666666666666665
2023-06-14,0.11666666666666665,0.11666666666666665,0.0,0.0,0.0,0.25,0.0,0.0,0.11666666666666665
2023-06-15,0.11666666666666665,0.11666666666666665,0.0,0.0,0.0,0.25,0.0,0.0,0.11666666666666665
2023-06-16,0.11666666666666665,0.11666666666666665,0.0,0.0,0.0,0.25,0.0,0.0,0.11666666666666665
2023-06-20,0.11666666666666665,0.11666666666666665,0.0,0.0,0.0,0.25,0.0,0.0,0.11666666666666665
2023-06-21,0.11666666666666665,0.11666666666666665,0.0,0.0,0.0,0.25,0.0,0.0,0.11666666666666665
2023-06-22,0.11666666666666665,0.11666666666666665,0.0,0.0,0.0,0.25,0.0,0.0,0.11666666666666665
2023-06-23,0.11666666666666665,0.11666666666666665,0.0,0.0,0.0,0.25,0.0,0.0,0.11666666666666665
2023-06-26,0.11666666666666665,0.11666666666666665,0.0,0.0,0.0,0.25,0.0,0.0,0.11666666666666665
2023-06-27,0.11666666666666665,0.11666666666666665,0.0,0.0,0.0,0.25,0.0,0.0,0.11666666666666665
2023-06-28,0.11666666666666665,0.11666666666666665,0.0,0.0,0.0,0.25,0.0,0.0,0.11666666666666665
2023-06-29,0.11666666666666665,0.11666666666666665,0.0,0.0,0.0,0.25,0.0,0.0,0.11666666666666665
2023-06-30,0.11666666666666665,0.11666666666666665,0.0,0.0,0.0,0.25,0.0,0.0,0.11666666666666665
2023-07-03,0.25,0.0,0.0,0.0,0.0,0.25,0.0,0.25,0.0
2023-07-05,0.25,0.0,0.0,0.0,0.0,0.25,0.0,0.25,0.0
2023-07-06,0.25,0.0,0.0,0.0,0.0,0.25,0.0,0.25,0.0
2023-07-07,0.25,0.0,0.0,0.0,0.0,0.25,0.0,0.25,0.0
2023-07-10,0.25,0.0,0.0,0.0,0.0,0.25,0.0,0.25,0.0
2023-07-11,0.25,0.0,0.0,0.0,0.0,0.25,0.0,0.25,0.0
2023-07-12,0.25,0.0,0.0,0.0,0.0,0.25,0.0,0.25,0.0
2023-07-13,0.25,0.0,0.0,0.0,0.0,0.25,0.0,0.25,0.0
2023-07-14,0.25,0.0,0.0,0.0,0.0,0.25,0.0,0.25,0.0
2023-07-17,0.25,0.0,0.0,0.0,0.0,0.25,0.0,0.25,0.0
2023-07-18,0.25,0.0,0.0,0.0,0.0,0.25,0.0,0.25,0.0
2023-07-19,0.25,0.0,0.0,0.0,0.0,0.25,0.0,0.25,0.0
2023-07-20,0.25,0.0,0.0,0.0,0.0,0.25,0.0,0.25,0.0
2023-07-21,0.25,0.0,0.0,0.0,0.0,0.25,0.0,0.25,0.0
2023-07-24,0.25,0.0,0.0,0.0,0.0,0.25,0.0,0.25,0.0
2023-07-25,0.25,0.0,0.0,0.0,0.0,0.25,0.0,0.25,0.0
2023-07-26,0.25,0.0,0.0,0.0,0.0,0.25,0.0,0.25,0.0
2023-07-27,0.25,0.0,0.0,0.0,0.0,0.25,0.0,0.25,0.0
2023-07-28,0.25,0.0,0.0,0.0,0.0,0.25,0.0,0.25,0.0
2023-07-31,0.25,0.0,0.0,0.0,0.0,0.25,0.0,0.25,0.0
2023-08-01,0.20408089733037116,0.1459191026696288,0.15926266742622103,0.16198578774715638,0.0,0.25,0.0,0.0,0.0
2023-08-02,0.20408089733037116,0.1459191026696288,0.15926266742622103,0.16198578774715638,0.0,0.25,0.0,0.0,0.0
2023-08-03,0.20408089733037116,0.1459191026696288,0.15926266742622103,0.16198578774715638,0.0,0.25,0.0,0.0,0.0
2023-08-04,0.20408089733037116,0.1459191026696288,0.15926266742622103,0.16198578774715638,0.0,0.25,0.0,0.0,0.0
2023-08-07,0.20408089733037116,0.1459191026696288,0.15926266742622103,0.16198578774715638,0.0,0.25,0.0,0.0,0.0
2023-08-08,0.20408089733037116,0.1459191026696288,0.15926266742622103,0.16198578774715638,0.0,0.25,0.0,0.0,0.0
2023-08-09,0.20408089733037116,0.1459191026696288,0.15926266742622103,0.16198578774715638,0.0,0.25,0.0,0.0,0.0
2023-08-10,0.20408089733037116,0.1459191026696288,0.15926266742622103,0.16198578774715638,0.0,0.25,0.0,0.0,0.0
2023-08-11,0.20408089733037116,0.1459191026696288,0.15926266742622103,0.16198578774715638,0.0,0.25,0.0,0.0,0.0
2023-08-14,0.20408089733037116,0.1459191026696288,0.15926266742622103,0.16198578774715638,0.0,0.25,0.0,0.0,0.0
2023-08-15,0.20408089733037116,0.1459191026696288,0.15926266742622103,0.16198578774715638,0.0,0.25,0.0,0.0,0.0
2023-08-16,0.0,0.0,0.175,0.175,0.0,0.25,0.0,0.0,0.0
2023-08-17,0.0,0.0,0.175,0.175,0.0,0.25,0.0,0.0,0.0
2023-08-18,0.0,0.0,0.175,0.175,0.0,0.25,0.0,0.0,0.0
2023-08-21,0.0,0.0,0.175,0.175,0.0,0.25,0.0,0.0,0.0
2023-08-22,0.0,0.0,0.175,0.175,0.0,0.25,0.0,0.0,0.0
2023-08-23,0.0,0.0,0.175,0.175,0.0,0.25,0.0,0.0,0.0
2023-08-24,0.0,0.0,0.175,0.175,0.0,0.25,0.0,0.0,0.0
2023-08-25,0.0,0.0,0.175,0.175,0.0,0.25,0.0,0.0,0.0
2023-08-28,0.0,0.0,0.175,0.175,0.0,0.25,0.0,0.0,0.0
2023-08-29,0.0,0.0,0.175,0.175,0.0,0.25,0.0,0.0,0.0
2023-08-30,0.0,0.0,0.175,0.175,0.0,0.25,0.0,0.0,0.0
2023-08-31,0.0,0.0,0.175,0.175,0.0,0.25,0.0,0.0,0.0
2023-09-01,0.2109817278564206,0.1390182721435794,0.16735280218205917,0.1679193401546157,0.0,0.25,0.0,0.0,0.0
2023-09-05,0.2109817278564206,0.1390182721435794,0.16735280218205917,0.1679193401546157,0.0,0.25,0.0,0.0,0.0
2023-09-06,0.2109817278564206,0.1390182721435794,0.16735280218205917,0.1679193401546157,0.0,0.25,0.0,0.0,0.0
2023-09-07,0.2109817278564206,0.1390182721435794,0.16735280218205917,0.1679193401546157,0.0,0.25,0.0,0.0,0.0
2023-09-08,0.2109817278564206,0.1390182721435794,0.16735280218205917,0.1679193401546157,0.0,0.25,0.0,0.0,0.0
2023-09-11,0.2109817278564206,0.1390182721435794,0.16735280218205917,0.1679193401546157,0.0,0.25,0.0,0.0,0.0
2023-09-12,0.2109817278564206,0.1390182721435794,0.16735280218205917,0.1679193401546157,0.0,0.25,0.0,0.0,0.0
2023-09-13,0.2109817278564206,0.1390182721435794,0.16735280218205917,0.1679193401546157,0.0,0.25,0.0,0.0,0.0
2023-09-14,0.2109817278564206,0.1390182721435794,0.16735280218205917,0.1679193401546157,0.0,0.25,0.0,0.0,0.0
2023-09-15,0.2109817278564206,0.1390182721435794,0.16735280218205917,0.1679193401546157,0.0,0.25,0.0,0.0,0.0
2023-09-18,0.2109817278564206,0.1390182721435794,0.16735280218205917,0.1679193401546157,0.0,0.25,0.0,0.0,0.0
2023-09-19,0.2109817278564206,0.1390182721435794,0.16735280218205917,0.1679193401546157,0.0,0.25,0.0,0.0,0.0
2023-09-20,0.2109817278564206,0.1390182721435794,0.16735280218205917,0.1679193401546157,0.0,0.25,0.0,0.0,0.0
2023-09-21,0.2109817278564206,0.1390182721435794,0.16735280218205917,0.1679193401546157,0.0,0.25,0.0,0.0,0.0
2023-09-22,0.2109817278564206,0.1390182721435794,0.16735280218205917,0.1679193401546157,0.0,0.25,0.0,0.0,0.0
2023-09-25,0.2109817278564206,0.1390182721435794,0.16735280218205917,0.1679193401546157,0.0,0.25,0.0,0.0,0.0
2023-09-26,0.2109817278564206,0.1390182721435794,0.16735280218205917,0.1679193401546157,0.0,0.25,0.0,0.0,0.0
2023-09-27,0.2109817278564206,0.1390182721435794,0.16735280218205917,0.1679193401546157,0.0,0.25,0.0,0.0,0.0
2023-09-28,0.2109817278564206,0.1390182721435794,0.16735280218205917,0.1679193401546157,0.0,0.25,0.0,0.0,0.0
2023-09-29,0.2109817278564206,0.1390182721435794,0.16735280218205917,0.1679193401546157,0.0,0.25,0.0,0.0,0.0
2023-10-02,0.0,0.0,0.175,0.175,0.0,0.25,0.0,0.0,0.0
2023-10-03,0.0,0.0,0.175,0.175,0.0,0.25,0.0,0.0,0.0
2023-10-04,0.0,0.0,0.175,0.175,0.0,0.25,0.0,0.0,0.0
2023-10-05,0.0,0.0,0.175,0.175,0.0,0.25,0.0,0.0,0.0
2023-10-06,0.0,0.0,0.175,0.175,0.0,0.25,0.0,0.0,0.0
2023-10-09,0.0,0.0,0.175,0.175,0.0,0.25,0.0,0.0,0.0
2023-10-10,0.0,0.0,0.175,0.175,0.0,0.25,0.0,0.0,0.0
2023-10-11,0.0,0.0,0.175,0.175,0.0,0.25,0.0,0.0,0.0
2023-10-12,0.0,0.0,0.175,0.175,0.0,0.25,0.0,0.0,0.0
2023-10-13,0.0,0.0,0.175,0.175,0.0,0.25,0.0,0.0,0.0
2023-10-16,0.0,0.0,0.175,0.175,0.0,0.25,0.0,0.0,0.0
2023-10-17,0.0,0.0,0.175,0.175,0.0,0.25,0.0,0.0,0.0
2023-10-18,0.0,0.0,0.175,0.175,0.0,0.25,0.0,0.0,0.0
2023-10-19,0.0,0.0,0.175,0.175,0.0,0.25,0.0,0.0,0.0
2023-10-20,0.0,0.0,0.175,0.175,0.0,0.25,0.0,0.0,0.0
2023-10-23,0.0,0.0,0.175,0.175,0.0,0.25,0.0,0.0,0.0
2023-10-24,0.0,0.0,0.175,0.175,0.0,0.25,0.0,0.0,0.0
2023-10-25,0.0,0.0,0.175,0.175,0.0,0.25,0.0,0.0,0.0
2023-10-26,0.0,0.0,0.175,0.175,0.0,0.25,0.0,0.0,0.0
2023-10-27,0.0,0.0,0.175,0.175,0.0,0.25,0.0,0.0,0.0
2023-10-30,0.0,0.0,0.175,0.175,0.0,0.25,0.0,0.0,0.0
2023-10-31,0.0,0.0,0.175,0.175,0.0,0.25,0.0,0.0,0.0
2023-11-01,0.0,0.0,0.175,0.175,0.0,0.25,0.0,0.0,0.0
2023-11-02,0.0,0.0,0.175,0.175,0.0,0.25,0.0,0.0,0.0
2023-11-03,0.0,0.0,0.175,0.175,0.0,0.25,0.0,0.0,0.0
2023-11-06,0.0,0.0,0.175,0.175,0.0,0.25,0.0,0.0,0.0
2023-11-07,0.0,0.0,0.175,0.175,0.0,0.25,0.0,0.0,0.0
2023-11-08,0.0,0.0,0.175,0.175,0.0,0.25,0.0,0.0,0.0
2023-11-09,0.0,0.0,0.175,0.175,0.0,0.25,0.0,0.0,0.0
2023-11-10,0.0,0.0,0.175,0.175,0.0,0.25,0.0,0.0,0.0
2023-11-13,0.0,0.0,0.175,0.175,0.0,0.25,0.0,0.0,0.0
2023-11-14,0.0,0.0,0.175,0.175,0.0,0.25,0.0,0.0,0.0
2023-11-15,0.0,0.0,0.175,0.175,0.0,0.25,0.0,0.0,0.0
2023-11-16,0.0,0.0,0.175,0.175,0.0,0.25,0.0,0.0,0.0
2023-11-17,0.0,0.0,0.175,0.175,0.0,0.25,0.0,0.0,0.0
2023-11-20,0.0,0.0,0.175,0.175,0.0,0.25,0.0,0.0,0.0
2023-11-21,0.0,0.0,0.175,0.175,0.0,0.25,0.0,0.0,0.0
2023-11-22,0.0,0.0,0.175,0.175,0.0,0.25,0.0,0.0,0.0
2023-11-24,0.0,0.0,0.175,0.175,0.0,0.25,0.0,0.0,0.0
2023-11-27,0.0,0.0,0.175,0.175,0.0,0.25,0.0,0.0,0.0
2023-11-28,0.0,0.0,0.175,0.175,0.0,0.25,0.0,0.0,0.0
2023-11-29,0.0,0.0,0.175,0.175,0.0,0.25,0.0,0.0,0.0
2023-11-30,0.0,0.0,0.175,0.175,0.0,0.25,0.0,0.0,0.0
2023-12-01,0.20715677655125234,0.11788058113452868,0.0,0.08396266824141471,0.0,0.23468778773323434,0.1789291021293198,0.1710708978706801,0.0
2023-12-04,0.20715677655125234,0.11788058113452868,0.0,0.08396266824141471,0.0,0.23468778773323434,0.1789291021293198,0.1710708978706801,0.0
2023-12-05,0.20715677655125234,0.11788058113452868,0.0,0.08396266824141471,0.0,0.23468778773323434,0.1789291021293198,0.1710708978706801,0.0
2023-12-06,0.20715677655125234,0.11788058113452868,0.0,0.08396266824141471,0.0,0.23468778773323434,0.1789291021293198,0.1710708978706801,0.0
2023-12-07,0.20715677655125234,0.11788058113452868,0.0,0.08396266824141471,0.0,0.23468778773323434,0.1789291021293198,0.1710708978706801,0.0
2023-12-08,0.20715677655125234,0.11788058113452868,0.0,0.08396266824141471,0.0,0.23468778773323434,0.1789291021293198,0.1710708978706801,0.0
2023-12-11,0.20715677655125234,0.11788058113452868,0.0,0.08396266824141471,0.0,0.23468778773323434,0.1789291021293198,0.1710708978706801,0.0
2023-12-12,0.20715677655125234,0.11788058113452868,0.0,0.08396266824141471,0.0,0.23468778773323434,0.1789291021293198,0.1710708978706801,0.0
2023-12-13,0.20715677655125234,0.11788058113452868,0.0,0.08396266824141471,0.0,0.23468778773323434,0.1789291021293198,0.1710708978706801,0.0
2023-12-14,0.20715677655125234,0.11788058113452868,0.0,0.08396266824141471,0.0,0.23468778773323434,0.1789291021293198,0.1710708978706801,0.0
2023-12-15,0.20715677655125234,0.11788058113452868,0.0,0.08396266824141471,0.0,0.23468778773323434,0.1789291021293198,0.1710708978706801,0.0
2023-12-18,0.175,0.175,0.0,0.0,0.0,0.25,0.25,0.0,0.0
2023-12-19,0.175,0.175,0.0,0.0,0.0,0.25,0.25,0.0,0.0
2023-12-20,0.175,0.175,0.0,0.0,0.0,0.25,0.25,0.0,0.0
2023-12-21,0.175,0.175,0.0,0.0,0.0,0.25,0.25,0.0,0.0
2023-12-22,0.175,0.175,0.0,0.0,0.0,0.25,0.25,0.0,0.0
2023-12-26,0.175,0.175,0.0,0.0,0.0,0.25,0.25,0.0,0.0
2023-12-27,0.175,0.175,0.0,0.0,0.0,0.25,0.25,0.0,0.0
2023-12-28,0.175,0.175,0.0,0.0,0.0,0.25,0.25,0.0,0.0
2023-12-29,0.175,0.175,0.0,0.0,0.0,0.25,0.25,0.0,0.0
2024-01-02,0.2101093702905071,0.0,0.0,0.0,0.0,0.25,0.18765980332269291,0.16234019667730706,0.13347014087057768
2024-01-03,0.2101093702905071,0.0,0.0,0.0,0.0,0.25,0.18765980332269291,0.16234019667730706,0.13347014087057768
2024-01-04,0.2101093702905071,0.0,0.0,0.0,0.0,0.25,0.18765980332269291,0.16234019667730706,0.13347014087057768
2024-01-05,0.2101093702905071,0.0,0.0,0.0,0.0,0.25,0.18765980332269291,0.16234019667730706,0.13347014087057768
2024-01-08,0.2101093702905071,0.0,0.0,0.0,0.0,0.25,0.18765980332269291,0.16234019667730706,0.13347014087057768
2024-01-09,0.2101093702905071,0.0,0.0,0.0,0.0,0.25,0.18765980332269291,0.16234019667730706,0.13347014087057768
2024-01-10,0.2101093702905071,0.0,0.0,0.0,0.0,0.25,0.18765980332269291,0.16234019667730706,0.13347014087057768
2024-01-11,0.2101093702905071,0.0,0.0,0.0,0.0,0.25,0.18765980332269291,0.16234019667730706,0.13347014087057768
2024-01-12,0.2101093702905071,0.0,0.0,0.0,0.0,0.25,0.18765980332269291,0.16234019667730706,0.13347014087057768
2024-01-16,0.2101093702905071,0.0,0.0,0.0,0.0,0.25,0.18765980332269291,0.16234019667730706,0.13347014087057768
2024-01-17,0.2101093702905071,0.0,0.0,0.0,0.0,0.25,0.18765980332269291,0.16234019667730706,0.13347014087057768
2024-01-18,0.2101093702905071,0.0,0.0,0.0,0.0,0.25,0.18765980332269291,0.16234019667730706,0.13347014087057768
2024-01-19,0.2101093702905071,0.0,0.0,0.0,0.0,0.25,0.18765980332269291,0.16234019667730706,0.13347014087057768
2024-01-22,0.2101093702905071,0.0,0.0,0.0,0.0,0.25,0.18765980332269291,0.16234019667730706,0.13347014087057768
2024-01-23,0.2101093702905071,0.0,0.0,0.0,0.0,0.25,0.18765980332269291,0.16234019667730706,0.13347014087057768
2024-01-24,0.2101093702905071,0.0,0.0,0.0,0.0,0.25,0.18765980332269291,0.16234019667730706,0.13347014087057768
2024-01-25,0.2101093702905071,0.0,0.0,0.0,0.0,0.25,0.18765980332269291,0.16234019667730706,0.13347014087057768
2024-01-26,0.2101093702905071,0.0,0.0,0.0,0.0,0.25,0.18765980332269291,0.16234019667730706,0.13347014087057768
2024-01-29,0.2101093702905071,0.0,0.0,0.0,0.0,0.25,0.18765980332269291,0.16234019667730706,0.13347014087057768
2024-01-30,0.2101093702905071,0.0,0.0,0.0,0.0,0.25,0.18765980332269291,0.16234019667730706,0.13347014087057768
2024-01-31,0.2101093702905071,0.0,0.0,0.0,0.0,0.25,0.18765980332269291,0.16234019667730706,0.13347014087057768
2024-02-01,0.25,0.0,0.0,0.0,0.0,0.25,0.175,0.175,0.0
2024-02-02,0.25,0.0,0.0,0.0,0.0,0.25,0.175,0.175,0.0
2024-02-05,0.25,0.0,0.0,0.0,0.0,0.25,0.175,0.175,0.0
2024-02-06,0.25,0.0,0.0,0.0,0.0,0.25,0.175,0.175,0.0
2024-02-07,0.25,0.0,0.0,0.0,0.0,0.25,0.175,0.175,0.0
2024-02-08,0.25,0.0,0.0,0.0,0.0,0.25,0.175,0.175,0.0
2024-02-09,0.25,0.0,0.0,0.0,0.0,0.25,0.175,0.175,0.0
2024-02-12,0.25,0.0,0.0,0.0,0.0,0.25,0.175,0.175,0.0
2024-02-13,0.25,0.0,0.0,0.0,0.0,0.25,0.175,0.175,0.0
2024-02-14,0.25,0.0,0.0,0.0,0.0,0.25,0.175,0.175,0.0
2024-02-15,0.25,0.0,0.0,0.0,0.0,0.25,0.175,0.175,0.0
2024-02-16,0.25,0.0,0.0,0.0,0.0,0.25,0.175,0.175,0.0
2024-02-20,0.25,0.0,0.0,0.0,0.0,0.25,0.175,0.175,0.0
2024-02-21,0.25,0.0,0.0,0.0,0.0,0.25,0.175,0.175,0.0
2024-02-22,0.25,0.0,0.0,0.0,0.0,0.25,0.175,0.175,0.0
2024-02-23,0.25,0.0,0.0,0.0,0.0,0.25,0.175,0.175,0.0
2024-02-26,0.25,0.0,0.0,0.0,0.0,0.25,0.175,0.175,0.0
2024-02-27,0.25,0.0,0.0,0.0,0.0,0.25,0.175,0.175,0.0
2024-02-28,0.25,0.0,0.0,0.0,0.0,0.25,0.175,0.175,0.0
2024-02-29,0.25,0.0,0.0,0.0,0.0,0.25,0.175,0.175,0.0
2024-03-01,0.23050898850364396,0.0,0.09101145874198589,0.10038506718054147,0.0,0.23395057036375094,0.17812685311893423,0.16601706209114359,0.0
2024-03-04,0.23050898850364396,0.0,0.09101145874198589,0.10038506718054147,0.0,0.23395057036375094,0.17812685311893423,0.16601706209114359,0.0
2024-03-05,0.23050898850364396,0.0,0.09101145874198589,0.10038506718054147,0.0,0.23395057036375094,0.17812685311893423,0.16601706209114359,0.0
2024-03-06,0.23050898850364396,0.0,0.09101145874198589,0.10038506718054147,0.0,0.23395057036375094,0.17812685311893423,0.16601706209114359,0.0
2024-03-07,0.23050898850364396,0.0,0.09101145874198589,0.10038506718054147,0.0,0.23395057036375094,0.17812685311893423,0.16601706209114359,0.0
2024-03-08,0.23050898850364396,0.0,0.09101145874198589,0.10038506718054147,0.0,0.23395057036375094,0.17812685311893423,0.16601706209114359,0.0
2024-03-11,0.23050898850364396,0.0,0.09101145874198589,0.10038506718054147,0.0,0.23395057036375094,0.17812685311893423,0.16601706209114359,0.0
2024-03-12,0.23050898850364396,0.0,0.09101145874198589,0.10038506718054147,0.0,0.23395057036375094,0.17812685311893423,0.16601706209114359,0.0
2024-03-13,0.23050898850364396,0.0,0.09101145874198589,0.10038506718054147,0.0,0.23395057036375094,0.17812685311893423,0.16601706209114359,0.0
2024-03-14,0.23050898850364396,0.0,0.09101145874198589,0.10038506718054147,0.0,0.23395057036375094,0.17812685311893423,0.16601706209114359,0.0
2024-03-15,0.23050898850364396,0.0,0.09101145874198589,0.10038506718054147,0.0,0.23395057036375094,0.17812685311893423,0.16601706209114359,0.0
2024-03-18,0.23050898850364396,0.0,0.09101145874198589,0.10038506718054147,0.0,0.23395057036375094,0.17812685311893423,0.16601706209114359,0.0
2024-03-19,0.23050898850364396,0.0,0.09101145874198589,0.10038506718054147,0.0,0.23395057036375094,0.17812685311893423,0.16601706209114359,0.0
2024-03-20,0.23050898850364396,0.0,0.09101145874198589,0.10038506718054147,0.0,0.23395057036375094,0.17812685311893423,0.16601706209114359,0.0
2024-03-21,0.23050898850364396,0.0,0.09101145874198589,0.10038506718054147,0.0,0.23395057036375094,0.17812685311893423,0.16601706209114359,0.0
2024-03-22,0.23050898850364396,0.0,0.09101145874198589,0.10038506718054147,0.0,0.23395057036375094,0.17812685311893423,0.16601706209114359,0.0
2024-03-25,0.23050898850364396,0.0,0.09101145874198589,0.10038506718054147,0.0,0.23395057036375094,0.17812685311893423,0.16601706209114359,0.0
2024-03-26,0.23050898850364396,0.0,0.09101145874198589,0.10038506718054147,0.0,0.23395057036375094,0.17812685311893423,0.16601706209114359,0.0
2024-03-27,0.23050898850364396,0.0,0.09101145874198589,0.10038506718054147,0.0,0.23395057036375094,0.17812685311893423,0.16601706209114359,0.0
2024-03-28,0.23050898850364396,0.0,0.09101145874198589,0.10038506718054147,0.0,0.23395057036375094,0.17812685311893423,0.16601706209114359,0.0
2024-04-01,0.231171703081679,0.11882829691832099,0.0,0.0,0.0,0.23684430548087054,0.19224375680940298,0.157756243190597,0.0
2024-04-02,0.231171703081679,0.11882829691832099,0.0,0.0,0.0,0.23684430548087054,0.19224375680940298,0.157756243190597,0.0
2024-04-03,0.231171703081679,0.11882829691832099,0.0,0.0,0.0,0.23684430548087054,0.19224375680940298,0.157756243190597,0.0
2024-04-04,0.231171703081679,0.11882829691832099,0.0,0.0,0.0,0.23684430548087054,0.19224375680940298,0.157756243190597,0.0
2024-04-05,0.231171703081679,0.11882829691832099,0.0,0.0,0.0,0.23684430548087054,0.19224375680940298,0.157756243190597,0.0
2024-04-08,0.231171703081679,0.11882829691832099,0.0,0.0,0.0,0.23684430548087054,0.19224375680940298,0.157756243190597,0.0
2024-04-09,0.231171703081679,0.11882829691832099,0.0,0.0,0.0,0.23684430548087054,0.19224375680940298,0.157756243190597,0.0
2024-04-10,0.231171703081679,0.11882829691832099,0.0,0.0,0.0,0.23684430548087054,0.19224375680940298,0.157756243190597,0.0
2024-04-11,0.231171703081679,0.11882829691832099,0.0,0.0,0.0,0.23684430548087054,0.19224375680940298,0.157756243190597,0.0
2024-04-12,0.231171703081679,0.11882829691832099,0.0,0.0,0.0,0.23684430548087054,0.19224375680940298,0.157756243190597,0.0
2024-04-15,0.231171703081679,0.11882829691832099,0.0,0.0,0.0,0.23684430548087054,0.19224375680940298,0.157756243190597,0.0
2024-04-16,0.1728386761439777,0.08267694658898507,0.10447405015043691,0.11471868880793601,0.0,0.16264090700484307,0.15059612011832138,0.12256265108431956,0.08949196010118042
2024-04-17,0.1728386761439777,0.08267694658898507,0.10447405015043691,0.11471868880793601,0.0,0.16264090700484307,0.15059612011832138,0.12256265108431956,0.08949196010118042
2024-04-18,0.1728386761439777,0.08267694658898507,0.10447405015043691,0.11471868880793601,0.0,0.16264090700484307,0.15059612011832138,0.12256265108431956,0.08949196010118042
2024-04-19,0.1728386761439777,0.08267694658898507,0.10447405015043691,0.11471868880793601,0.0,0.16264090700484307,0.15059612011832138,0.12256265108431956,0.08949196010118042
2024-04-22,0.1728386761439777,0.08267694658898507,0.10447405015043691,0.11471868880793601,0.0,0.16264090700484307,0.15059612011832138,0.12256265108431956,0.08949196010118042
2024-04-23,0.1728386761439777,0.08267694658898507,0.10447405015043691,0.11471868880793601,0.0,0.16264090700484307,0.15059612011832138,0.12256265108431956,0.08949196010118042
2024-04-24,0.1728386761439777,0.08267694658898507,0.10447405015043691,0.11471868880793601,0.0,0.16264090700484307,0.15059612011832138,0.12256265108431956,0.08949196010118042
2024-04-25,0.1728386761439777,0.08267694658898507,0.10447405015043691,0.11471868880793601,0.0,0.16264090700484307,0.15059612011832138,0.12256265108431956,0.08949196010118042
2024-04-26,0.1728386761439777,0.08267694658898507,0.10447405015043691,0.11471868880793601,0.0,0.16264090700484307,0.15059612011832138,0.12256265108431956,0.08949196010118042
2024-04-29,0.1728386761439777,0.08267694658898507,0.10447405015043691,0.11471868880793601,0.0,0.16264090700484307,0.15059612011832138,0.12256265108431956,0.08949196010118042
2024-04-30,0.1728386761439777,0.08267694658898507,0.10447405015043691,0.11471868880793601,0.0,0.16264090700484307,0.15059612011832138,0.12256265108431956,0.08949196010118042
2024-05-01,0.1675595075263088,0.08561274869688201,0.0,0.14334277234790235,0.0,0.1362511619747321,0.18533603094622278,0.14215977156290333,0.09682774377680911
2024-05-02,0.1675595075263088,0.08561274869688201,0.0,0.14334277234790235,0.0,0.1362511619747321,0.18533603094622278,0.14215977156290333,0.09682774377680911
2024-05-03,0.1675595075263088,0.08561274869688201,0.0,0.14334277234790235,0.0,0.1362511619747321,0.18533603094622278,0.14215977156290333,0.09682774377680911
2024-05-06,0.1675595075263088,0.08561274869688201,0.0,0.14334277234790235,0.0,0.1362511619747321,0.18533603094622278,0.14215977156290333,0.09682774377680911
2024-05-07,0.1675595075263088,0.08561274869688201,0.0,0.14334277234790235,0.0,0.1362511619747321,0.18533603094622278,0.14215977156290333,0.09682774377680911
2024-05-08,0.1675595075263088,0.08561274869688201,0.0,0.14334277234790235,0.0,0.1362511619747321,0.18533603094622278,0.14215977156290333,0.09682774377680911
2024-05-09,0.1675595075263088,0.08561274869688201,0.0,0.14334277234790235,0.0,0.1362511619747321,0.18533603094622278,0.14215977156290333,0.09682774377680911
2024-05-10,0.1675595075263088,0.08561274869688201,0.0,0.14334277234790235,0.0,0.1362511619747321,0.18533603094622278,0.14215977156290333,0.09682774377680911
2024-05-13,0.1675595075263088,0.08561274869688201,0.0,0.14334277234790235,0.0,0.1362511619747321,0.18533603094622278,0.14215977156290333,0.09682774377680911
2024-05-14,0.1675595075263088,0.08561274869688201,0.0,0.14334277234790235,0.0,0.1362511619747321,0.18533603094622278,0.14215977156290333,0.09682774377680911
2024-05-15,0.1675595075263088,0.08561274869688201,0.0,0.14334277234790235,0.0,0.1362511619747321,0.18533603094622278,0.14215977156290333,0.09682774377680911
2024-05-16,0.1675595075263088,0.08561274869688201,0.0,0.14334277234790235,0.0,0.1362511619747321,0.18533603094622278,0.14215977156290333,0.09682774377680911
2024-05-17,0.1675595075263088,0.08561274869688201,0.0,0.14334277234790235,0.0,0.1362511619747321,0.18533603094622278,0.14215977156290333,0.09682774377680911
2024-05-20,0.1675595075263088,0.08561274869688201,0.0,0.14334277234790235,0.0,0.1362511619747321,0.18533603094622278,0.14215977156290333,0.09682774377680911
2024-05-21,0.1675595075263088,0.08561274869688201,0.0,0.14334277234790235,0.0,0.1362511619747321,0.18533603094622278,0.14215977156290333,0.09682774377680911
2024-05-22,0.1675595075263088,0.08561274869688201,0.0,0.14334277234790235,0.0,0.1362511619747321,0.18533603094622278,0.14215977156290333,0.09682774377680911
2024-05-23,0.1675595075263088,0.08561274869688201,0.0,0.14334277234790235,0.0,0.1362511619747321,0.18533603094622278,0.14215977156290333,0.09682774377680911
2024-05-24,0.1675595075263088,0.08561274869688201,0.0,0.14334277234790235,0.0,0.1362511619747321,0.18533603094622278,0.14215977156290333,0.09682774377680911
2024-05-28,0.1675595075263088,0.08561274869688201,0.0,0.14334277234790235,0.0,0.1362511619747321,0.18533603094622278,0.14215977156290333,0.09682774377680911
2024-05-29,0.1675595075263088,0.08561274869688201,0.0,0.14334277234790235,0.0,0.1362511619747321,0.18533603094622278,0.14215977156290333,0.09682774377680911
2024-05-30,0.1675595075263088,0.08561274869688201,0.0,0.14334277234790235,0.0,0.1362511619747321,0.18533603094622278,0.14215977156290333,0.09682774377680911
2024-05-31,0.1675595075263088,0.08561274869688201,0.0,0.14334277234790235,0.0,0.1362511619747321,0.18533603094622278,0.14215977156290333,0.09682774377680911
2024-06-03,0.1687127912111328,0.07922042120238953,0.0,0.0,0.0,0.15322462696878802,0.20656409139658757,0.14343590860341238,0.10206678758647764
2024-06-04,0.1687127912111328,0.07922042120238953,0.0,0.0,0.0,0.15322462696878802,0.20656409139658757,0.14343590860341238,0.10206678758647764
2024-06-05,0.1687127912111328,0.07922042120238953,0.0,0.0,0.0,0.15322462696878802,0.20656409139658757,0.14343590860341238,0.10206678758647764
2024-06-06,0.1687127912111328,0.07922042120238953,0.0,0.0,0.0,0.15322462696878802,0.20656409139658757,0.14343590860341238,0.10206678758647764
2024-06-07,0.1687127912111328,0.07922042120238953,0.0,0.0,0.0,0.15322462696878802,0.20656409139658757,0.14343590860341238,0.10206678758647764
2024-06-10,0.1687127912111328,0.07922042120238953,0.0,0.0,0.0,0.15322462696878802,0.20656409139658757,0.14343590860341238,0.10206678758647764
2024-06-11,0.1687127912111328,0.07922042120238953,0.0,0.0,0.0,0.15322462696878802,0.20656409139658757,0.14343590860341238,0.10206678758647764
2024-06-12,0.1687127912111328,0.07922042120238953,0.0,0.0,0.0,0.15322462696878802,0.20656409139658757,0.14343590860341238,0.10206678758647764
2024-06-13,0.1687127912111328,0.07922042120238953,0.0,0.0,0.0,0.15322462696878802,0.20656409139658757,0.14343590860341238,0.10206678758647764
2024-06-14,0.1687127912111328,0.07922042120238953,0.0,0.0,0.0,0.15322462696878802,0.20656409139658757,0.14343590860341238,0.10206678758647764
2024-06-17,0.1687127912111328,0.07922042120238953,0.0,0.0,0.0,0.15322462696878802,0.20656409139658757,0.14343590860341238,0.10206678758647764
2024-06-18,0.1687127912111328,0.07922042120238953,0.0,0.0,0.0,0.15322462696878802,0.20656409139658757,0.14343590860341238,0.10206678758647764
2024-06-20,0.1687127912111328,0.07922042120238953,0.0,0.0,0.0,0.15322462696878802,0.20656409139658757,0.14343590860341238,0.10206678758647764
2024-06-21,0.1687127912111328,0.07922042120238953,0.0,0.0,0.0,0.15322462696878802,0.20656409139658757,0.14343590860341238,0.10206678758647764
2024-06-24,0.1687127912111328,0.07922042120238953,0.0,0.0,0.0,0.15322462696878802,0.20656409139658757,0.14343590860341238,0.10206678758647764
2024-06-25,0.1687127912111328,0.07922042120238953,0.0,0.0,0.0,0.15322462696878802,0.20656409139658757,0.14343590860341238,0.10206678758647764
2024-06-26,0.1687127912111328,0.07922042120238953,0.0,0.0,0.0,0.15322462696878802,0.20656409139658757,0.14343590860341238,0.10206678758647764
2024-06-27,0.1687127912111328,0.07922042120238953,0.0,0.0,0.0,0.15322462696878802,0.20656409139658757,0.14343590860341238,0.10206678758647764
2024-06-28,0.1687127912111328,0.07922042120238953,0.0,0.0,0.0,0.15322462696878802,0.20656409139658757,0.14343590860341238,0.10206678758647764
2024-07-01,0.17827006859437786,0.08387518981289585,0.14501809049566816,0.1547802210799569,0.0,0.12793121676458655,0.1681356876044284,0.11734865683807172,0.0
2024-07-02,0.17827006859437786,0.08387518981289585,0.14501809049566816,0.1547802210799569,0.0,0.12793121676458655,0.1681356876044284,0.11734865683807172,0.0
2024-07-03,0.17827006859437786,0.08387518981289585,0.14501809049566816,0.1547802210799569,0.0,0.12793121676458655,0.1681356876044284,0.11734865683807172,0.0
2024-07-05,0.17827006859437786,0.08387518981289585,0.14501809049566816,0.1547802210799569,0.0,0.12793121676458655,0.1681356876044284,0.11734865683807172,0.0
2024-07-08,0.17827006859437786,0.08387518981289585,0.14501809049566816,0.1547802210799569,0.0,0.12793121676458655,0.1681356876044284,0.11734865683807172,0.0
2024-07-09,0.17827006859437786,0.08387518981289585,0.14501809049566816,0.1547802210799569,0.0,0.12793121676458655,0.1681356876044284,0.11734865683807172,0.0
2024-07-10,0.17827006859437786,0.08387518981289585,0.14501809049566816,0.1547802210799569,0.0,0.12793121676458655,0.1681356876044284,0.11734865683807172,0.0
2024-07-11,0.17827006859437786,0.08387518981289585,0.14501809049566816,0.1547802210799569,0.0,0.12793121676458655,0.1681356876044284,0.11734865683807172,0.0
2024-07-12,0.17827006859437786,0.08387518981289585,0.14501809049566816,0.1547802210799569,0.0,0.12793121676458655,0.1681356876044284,0.11734865683807172,0.0
2024-07-15,0.17827006859437786,0.08387518981289585,0.14501809049566816,0.1547802210799569,0.0,0.12793121676458655,0.1681356876044284,0.11734865683807172,0.0
2024-07-16,0.17827006859437786,0.08387518981289585,0.14501809049566816,0.1547802210799569,0.0,0.12793121676458655,0.1681356876044284,0.11734865683807172,0.0
2024-07-17,0.17827006859437786,0.08387518981289585,0.14501809049566816,0.1547802210799569,0.0,0.12793121676458655,0.1681356876044284,0.11734865683807172,0.0
2024-07-18,0.17827006859437786,0.08387518981289585,0.14501809049566816,0.1547802210799569,0.0,0.12793121676458655,0.1681356876044284,0.11734865683807172,0.0
2024-07-19,0.17827006859437786,0.08387518981289585,0.14501809049566816,0.1547802210799569,0.0,0.12793121676458655,0.1681356876044284,0.11734865683807172,0.0
2024-07-22,0.17827006859437786,0.08387518981289585,0.14501809049566816,0.1547802210799569,0.0,0.12793121676458655,0.1681356876044284,0.11734865683807172,0.0
2024-07-23,0.17827006859437786,0.08387518981289585,0.14501809049566816,0.1547802210799569,0.0,0.12793121676458655,0.1681356876044284,0.11734865683807172,0.0
2024-07-24,0.17827006859437786,0.08387518981289585,0.14501809049566816,0.1547802210799569,0.0,0.12793121676458655,0.1681356876044284,0.11734865683807172,0.0
2024-07-25,0.17827006859437786,0.08387518981289585,0.14501809049566816,0.1547802210799569,0.0,0.12793121676458655,0.1681356876044284,0.11734865683807172,0.0
2024-07-26,0.17827006859437786,0.08387518981289585,0.14501809049566816,0.1547802210799569,0.0,0.12793121676458655,0.1681356876044284,0.11734865683807172,0.0
2024-07-29,0.17827006859437786,0.08387518981289585,0.14501809049566816,0.1547802210799569,0.0,0.12793121676458655,0.1681356876044284,0.11734865683807172,0.0
2024-07-30,0.17827006859437786,0.08387518981289585,0.14501809049566816,0.1547802210799569,0.0,0.12793121676458655,0.1681356876044284,0.11734865683807172,0.0
2024-07-31,0.17827006859437786,0.08387518981289585,0.14501809049566816,0.1547802210799569,0.0,0.12793121676458655,0.1681356876044284,0.11734865683807172,0.0
2024-08-01,0.15655726162734826,0.07291778621644127,0.11675538889109731,0.12806069024667271,0.0,0.12793351468805358,0.1436646554087441,0.09919536062011888,0.10224544511675479
2024-08-02,0.15655726162734826,0.07291778621644127,0.11675538889109731,0.12806069024667271,0.0,0.12793351468805358,0.1436646554087441,0.09919536062011888,0.10224544511675479
2024-08-05,0.15655726162734826,0.07291778621644127,0.11675538889109731,0.12806069024667271,0.0,0.12793351468805358,0.1436646554087441,0.09919536062011888,0.10224544511675479
2024-08-06,0.15655726162734826,0.07291778621644127,0.11675538889109731,0.12806069024667271,0.0,0.12793351468805358,0.1436646554087441,0.09919536062011888,0.10224544511675479
2024-08-07,0.15655726162734826,0.07291778621644127,0.11675538889109731,0.12806069024667271,0.0,0.12793351468805358,0.1436646554087441,0.09919536062011888,0.10224544511675479
2024-08-08,0.15655726162734826,0.07291778621644127,0.11675538889109731,0.12806069024667271,0.0,0.12793351468805358,0.1436646554087441,0.09919536062011888,0.10224544511675479
2024-08-09,0.15655726162734826,0.07291778621644127,0.11675538889109731,0.12806069024667271,0.0,0.12793351468805358,0.1436646554087441,0.09919536062011888,0.10224544511675479
2024-08-12,0.15655726162734826,0.07291778621644127,0.11675538889109731,0.12806069024667271,0.0,0.12793351468805358,0.1436646554087441,0.09919536062011888,0.10224544511675479
2024-08-13,0.15655726162734826,0.07291778621644127,0.11675538889109731,0.12806069024667271,0.0,0.12793351468805358,0.1436646554087441,0.09919536062011888,0.10224544511675479
2024-08-14,0.15655726162734826,0.07291778621644127,0.11675538889109731,0.12806069024667271,0.0,0.12793351468805358,0.1436646554087441,0.09919536062011888,0.10224544511675479
2024-08-15,0.15655726162734826,0.07291778621644127,0.11675538889109731,0.12806069024667271,0.0,0.12793351468805358,0.1436646554087441,0.09919536062011888,0.10224544511675479
2024-08-16,0.151962280669779,0.07494837621031603,0.10294565576897527,0.11274208181379797,0.0,0.15099801258677414,0.14443713758480722,0.09934932720456399,0.1022374888720769
2024-08-19,0.151962280669779,0.07494837621031603,0.10294565576897527,0.11274208181379797,0.0,0.15099801258677414,0.14443713758480722,0.09934932720456399,0.1022374888720769
2024-08-20,0.151962280669779,0.07494837621031603,0.10294565576897527,0.11274208181379797,0.0,0.15099801258677414,0.14443713758480722,0.09934932720456399,0.1022374888720769
2024-08-21,0.151962280669779,0.07494837621031603,0.10294565576897527,0.11274208181379797,0.0,0.15099801258677414,0.14443713758480722,0.09934932720456399,0.1022374888720769
2024-08-22,0.151962280669779,0.07494837621031603,0.10294565576897527,0.11274208181379797,0.0,0.15099801258677414,0.14443713758480722,0.09934932720456399,0.1022374888720769
2024-08-23,0.151962280669779,0.07494837621031603,0.10294565576897527,0.11274208181379797,0.0,0.15099801258677414,0.14443713758480722,0.09934932720456399,0.1022374888720769
2024-08-26,0.151962280669779,0.07494837621031603,0.10294565576897527,0.11274208181379797,0.0,0.15099801258677414,0.14443713758480722,0.09934932720456399,0.1022374888720769
2024-08-27,0.151962280669779,0.07494837621031603,0.10294565576897527,0.11274208181379797,0.0,0.15099801258677414,0.14443713758480722,0.09934932720456399,0.1022374888720769
2024-08-28,0.151962280669779,0.07494837621031603,0.10294565576897527,0.11274208181379797,0.0,0.15099801258677414,0.14443713758480722,0.09934932720456399,0.1022374888720769
2024-08-29,0.151962280669779,0.07494837621031603,0.10294565576897527,0.11274208181379797,0.0,0.15099801258677414,0.14443713758480722,0.09934932720456399,0.1022374888720769
2024-08-30,0.151962280669779,0.07494837621031603,0.10294565576897527,0.11274208181379797,0.0,0.15099801258677414,0.14443713758480722,0.09934932720456399,0.1022374888720769
2024-09-03,0.175,0.175,0.0,0.0,0.0,0.25,0.25,0.0,0.0
2024-09-04,0.175,0.175,0.0,0.0,0.0,0.25,0.25,0.0,0.0
2024-09-05,0.175,0.175,0.0,0.0,0.0,0.25,0.25,0.0,0.0
2024-09-06,0.175,0.175,0.0,0.0,0.0,0.25,0.25,0.0,0.0
2024-09-09,0.175,0.175,0.0,0.0,0.0,0.25,0.25,0.0,0.0
2024-09-10,0.175,0.175,0.0,0.0,0.0,0.25,0.25,0.0,0.0
2024-09-11,0.175,0.175,0.0,0.0,0.0,0.25,0.25,0.0,0.0
2024-09-12,0.175,0.175,0.0,0.0,0.0,0.25,0.25,0.0,0.0
2024-09-13,0.175,0.175,0.0,0.0,0.0,0.25,0.25,0.0,0.0
2024-09-16,0.175,0.175,0.0,0.0,0.0,0.25,0.25,0.0,0.0
2024-09-17,0.175,0.175,0.0,0.0,0.0,0.25,0.25,0.0,0.0
2024-09-18,0.175,0.175,0.0,0.0,0.0,0.25,0.25,0.0,0.0
2024-09-19,0.175,0.175,0.0,0.0,0.0,0.25,0.25,0.0,0.0
2024-09-20,0.175,0.175,0.0,0.0,0.0,0.25,0.25,0.0,0.0
2024-09-23,0.175,0.175,0.0,0.0,0.0,0.25,0.25,0.0,0.0
2024-09-24,0.175,0.175,0.0,0.0,0.0,0.25,0.25,0.0,0.0
2024-09-25,0.175,0.175,0.0,0.0,0.0,0.25,0.25,0.0,0.0
2024-09-26,0.175,0.175,0.0,0.0,0.0,0.25,0.25,0.0,0.0
2024-09-27,0.175,0.175,0.0,0.0,0.0,0.25,0.25,0.0,0.0
2024-09-30,0.175,0.175,0.0,0.0,0.0,0.25,0.25,0.0,0.0
2024-10-01,0.17159376915056923,0.08002998197379518,0.0,0.0,0.0,0.20055098150354622,0.17337737402820605,0.14352254384948693,0.09837624887563556
2024-10-02,0.17159376915056923,0.08002998197379518,0.0,0.0,0.0,0.20055098150354622,0.17337737402820605,0.14352254384948693,0.09837624887563556
2024-10-03,0.17159376915056923,0.08002998197379518,0.0,0.0,0.0,0.20055098150354622,0.17337737402820605,0.14352254384948693,0.09837624887563556
2024-10-04,0.17159376915056923,0.08002998197379518,0.0,0.0,0.0,0.20055098150354622,0.17337737402820605,0.14352254384948693,0.09837624887563556
2024-10-07,0.17159376915056923,0.08002998197379518,0.0,0.0,0.0,0.20055098150354622,0.17337737402820605,0.14352254384948693,0.09837624887563556
2024-10-08,0.17159376915056923,0.08002998197379518,0.0,0.0,0.0,0.20055098150354622,0.17337737402820605,0.14352254384948693,0.09837624887563556
2024-10-09,0.17159376915056923,0.08002998197379518,0.0,0.0,0.0,0.20055098150354622,0.17337737402820605,0.14352254384948693,0.09837624887563556
2024-10-10,0.17159376915056923,0.08002998197379518,0.0,0.0,0.0,0.20055098150354622,0.17337737402820605,0.14352254384948693,0.09837624887563556
2024-10-11,0.17159376915056923,0.08002998197379518,0.0,0.0,0.0,0.20055098150354622,0.17337737402820605,0.14352254384948693,0.09837624887563556
2024-10-14,0.17159376915056923,0.08002998197379518,0.0,0.0,0.0,0.20055098150354622,0.17337737402820605,0.14352254384948693,0.09837624887563556
2024-10-15,0.17159376915056923,0.08002998197379518,0.0,0.0,0.0,0.20055098150354622,0.17337737402820605,0.14352254384948693,0.09837624887563556
2024-10-16,0.17159376915056923,0.08002998197379518,0.0,0.0,0.0,0.20055098150354622,0.17337737402820605,0.14352254384948693,0.09837624887563556
2024-10-17,0.17159376915056923,0.08002998197379518,0.0,0.0,0.0,0.20055098150354622,0.17337737402820605,0.14352254384948693,0.09837624887563556
2024-10-18,0.17159376915056923,0.08002998197379518,0.0,0.0,0.0,0.20055098150354622,0.17337737402820605,0.14352254384948693,0.09837624887563556
2024-10-21,0.17159376915056923,0.08002998197379518,0.0,0.0,0.0,0.20055098150354622,0.17337737402820605,0.14352254384948693,0.09837624887563556
2024-10-22,0.17159376915056923,0.08002998197379518,0.0,0.0,0.0,0.20055098150354622,0.17337737402820605,0.14352254384948693,0.09837624887563556
2024-10-23,0.17159376915056923,0.08002998197379518,0.0,0.0,0.0,0.20055098150354622,0.17337737402820605,0.14352254384948693,0.09837624887563556
2024-10-24,0.17159376915056923,0.08002998197379518,0.0,0.0,0.0,0.20055098150354622,0.17337737402820605,0.14352254384948693,0.09837624887563556
2024-10-25,0.17159376915056923,0.08002998197379518,0.0,0.0,0.0,0.20055098150354622,0.17337737402820605,0.14352254384948693,0.09837624887563556
2024-10-28,0.17159376915056923,0.08002998197379518,0.0,0.0,0.0,0.20055098150354622,0.17337737402820605,0.14352254384948693,0.09837624887563556
2024-10-29,0.17159376915056923,0.08002998197379518,0.0,0.0,0.0,0.20055098150354622,0.17337737402820605,0.14352254384948693,0.09837624887563556
2024-10-30,0.17159376915056923,0.08002998197379518,0.0,0.0,0.0,0.20055098150354622,0.17337737402820605,0.14352254384948693,0.09837624887563556
2024-10-31,0.17159376915056923,0.08002998197379518,0.0,0.0,0.0,0.20055098150354622,0.17337737402820605,0.14352254384948693,0.09837624887563556
2024-11-01,0.16075856849540174,0.08404088302539237,0.0,0.0,0.0,0.25,0.2057055289870735,0.0,0.10520054847920592
2024-11-04,0.16075856849540174,0.08404088302539237,0.0,0.0,0.0,0.25,0.2057055289870735,0.0,0.10520054847920592
2024-11-05,0.16075856849540174,0.08404088302539237,0.0,0.0,0.0,0.25,0.2057055289870735,0.0,0.10520054847920592
2024-11-06,0.16075856849540174,0.08404088302539237,0.0,0.0,0.0,0.25,0.2057055289870735,0.0,0.10520054847920592
2024-11-07,0.16075856849540174,0.08404088302539237,0.0,0.0,0.0,0.25,0.2057055289870735,0.0,0.10520054847920592
2024-11-08,0.16075856849540174,0.08404088302539237,0.0,0.0,0.0,0.25,0.2057055289870735,0.0,0.10520054847920592
2024-11-11,0.16075856849540174,0.08404088302539237,0.0,0.0,0.0,0.25,0.2057055289870735,0.0,0.10520054847920592
2024-11-12,0.16075856849540174,0.08404088302539237,0.0,0.0,0.0,0.25,0.2057055289870735,0.0,0.10520054847920592
2024-11-13,0.16075856849540174,0.08404088302539237,0.0,0.0,0.0,0.25,0.2057055289870735,0.0,0.10520054847920592
2024-11-14,0.16075856849540174,0.08404088302539237,0.0,0.0,0.0,0.25,0.2057055289870735,0.0,0.10520054847920592
2024-11-15,0.16075856849540174,0.08404088302539237,0.0,0.0,0.0,0.25,0.2057055289870735,0.0,0.10520054847920592
2024-11-18,0.16075856849540174,0.08404088302539237,0.0,0.0,0.0,0.25,0.2057055289870735,0.0,0.10520054847920592
2024-11-19,0.16075856849540174,0.08404088302539237,0.0,0.0,0.0,0.25,0.2057055289870735,0.0,0.10520054847920592
2024-11-20,0.16075856849540174,0.08404088302539237,0.0,0.0,0.0,0.25,0.2057055289870735,0.0,0.10520054847920592
2024-11-21,0.16075856849540174,0.08404088302539237,0.0,0.0,0.0,0.25,0.2057055289870735,0.0,0.10520054847920592
2024-11-22,0.16075856849540174,0.08404088302539237,0.0,0.0,0.0,0.25,0.2057055289870735,0.0,0.10520054847920592
2024-11-25,0.16075856849540174,0.08404088302539237,0.0,0.0,0.0,0.25,0.2057055289870735,0.0,0.10520054847920592
2024-11-26,0.16075856849540174,0.08404088302539237,0.0,0.0,0.0,0.25,0.2057055289870735,0.0,0.10520054847920592
2024-11-27,0.16075856849540174,0.08404088302539237,0.0,0.0,0.0,0.25,0.2057055289870735,0.0,0.10520054847920592
2024-11-29,0.16075856849540174,0.08404088302539237,0.0,0.0,0.0,0.25,0.2057055289870735,0.0,0.10520054847920592
2024-12-02,0.25,0.0,0.0,0.0,0.0,0.25,0.0,0.0,0.0
2024-12-03,0.25,0.0,0.0,0.0,0.0,0.25,0.0,0.0,0.0
2024-12-04,0.25,0.0,0.0,0.0,0.0,0.25,0.0,0.0,0.0
2024-12-05,0.25,0.0,0.0,0.0,0.0,0.25,0.0,0.0,0.0
2024-12-06,0.25,0.0,0.0,0.0,0.0,0.25,0.0,0.0,0.0
2024-12-09,0.25,0.0,0.0,0.0,0.0,0.25,0.0,0.0,0.0
2024-12-10,0.25,0.0,0.0,0.0,0.0,0.25,0.0,0.0,0.0
2024-12-11,0.25,0.0,0.0,0.0,0.0,0.25,0.0,0.0,0.0
2024-12-12,0.25,0.0,0.0,0.0,0.0,0.25,0.0,0.0,0.0
2024-12-13,0.25,0.0,0.0,0.0,0.0,0.25,0.0,0.0,0.0
2024-12-16,0.175,0.175,0.0,0.0,0.0,0.25,0.25,0.0,0.0
2024-12-17,0.175,0.175,0.0,0.0,0.0,0.25,0.25,0.0,0.0
2024-12-18,0.175,0.175,0.0,0.0,0.0,0.25,0.25,0.0,0.0
2024-12-19,0.175,0.175,0.0,0.0,0.0,0.25,0.25,0.0,0.0
2024-12-20,0.175,0.175,0.0,0.0,0.0,0.25,0.25,0.0,0.0
2024-12-23,0.175,0.175,0.0,0.0,0.0,0.25,0.25,0.0,0.0
2024-12-24,0.175,0.175,0.0,0.0,0.0,0.25,0.25,0.0,0.0
2024-12-26,0.175,0.175,0.0,0.0,0.0,0.25,0.25,0.0,0.0
2024-12-27,0.175,0.175,0.0,0.0,0.0,0.25,0.25,0.0,0.0
2024-12-30,0.175,0.175,0.0,0.0,0.0,0.25,0.25,0.0,0.0
2024-12-31,0.175,0.175,0.0,0.0,0.0,0.25,0.25,0.0,0.0
2025-01-02,0.22000863287645767,0.0,0.0,0.0,0.22000863287645767,0.22000863287645767,0.0,0.0,0.0
2025-01-03,0.22000863287645767,0.0,0.0,0.0,0.22000863287645767,0.22000863287645767,0.0,0.0,0.0
2025-01-06,0.22000863287645767,0.0,0.0,0.0,0.22000863287645767,0.22000863287645767,0.0,0.0,0.0
2025-01-07,0.22000863287645767,0.0,0.0,0.0,0.22000863287645767,0.22000863287645767,0.0,0.0,0.0
2025-01-08,0.22000863287645767,0.0,0.0,0.0,0.22000863287645767,0.22000863287645767,0.0,0.0,0.0
2025-01-10,0.22000863287645767,0.0,0.0,0.0,0.22000863287645767,0.22000863287645767,0.0,0.0,0.0
2025-01-13,0.22000863287645767,0.0,0.0,0.0,0.22000863287645767,0.22000863287645767,0.0,0.0,0.0
2025-01-14,0.22000863287645767,0.0,0.0,0.0,0.22000863287645767,0.22000863287645767,0.0,0.0,0.0
2025-01-15,0.22000863287645767,0.0,0.0,0.0,0.22000863287645767,0.22000863287645767,0.0,0.0,0.0
2025-01-16,0.22000863287645767,0.0,0.0,0.0,0.22000863287645767,0.22000863287645767,0.0,0.0,0.0
2025-01-17,0.22000863287645767,0.0,0.0,0.0,0.22000863287645767,0.22000863287645767,0.0,0.0,0.0
2025-01-21,0.22000863287645767,0.0,0.0,0.0,0.22000863287645767,0.22000863287645767,0.0,0.0,0.0
2025-01-22,0.22000863287645767,0.0,0.0,0.0,0.22000863287645767,0.22000863287645767,0.0,0.0,0.0
2025-01-23,0.22000863287645767,0.0,0.0,0.0,0.22000863287645767,0.22000863287645767,0.0,0.0,0.0
2025-01-24,0.22000863287645767,0.0,0.0,0.0,0.22000863287645767,0.22000863287645767,0.0,0.0,0.0
2025-01-27,0.22000863287645767,0.0,0.0,0.0,0.22000863287645767,0.22000863287645767,0.0,0.0,0.0
2025-01-28,0.22000863287645767,0.0,0.0,0.0,0.22000863287645767,0.22000863287645767,0.0,0.0,0.0
2025-01-29,0.22000863287645767,0.0,0.0,0.0,0.22000863287645767,0.22000863287645767,0.0,0.0,0.0
2025-01-30,0.22000863287645767,0.0,0.0,0.0,0.22000863287645767,0.22000863287645767,0.0,0.0,0.0
2025-01-31,0.22000863287645767,0.0,0.0,0.0,0.22000863287645767,0.22000863287645767,0.0,0.0,0.0
2025-02-03,0.18240992032767578,0.12241206749616752,0.12865211322801387,0.14071576611261657,0.03931980206950408,0.24101400503166354,0.0,0.1454763257343587,0.0
2025-02-04,0.18240992032767578,0.12241206749616752,0.12865211322801387,0.14071576611261657,0.03931980206950408,0.24101400503166354,0.0,0.1454763257343587,0.0
2025-02-05,0.18240992032767578,0.12241206749616752,0.12865211322801387,0.14071576611261657,0.03931980206950408,0.24101400503166354,0.0,0.1454763257343587,0.0
2025-02-06,0.18240992032767578,0.12241206749616752,0.12865211322801387,0.14071576611261657,0.03931980206950408,0.24101400503166354,0.0,0.1454763257343587,0.0
2025-02-07,0.18240992032767578,0.12241206749616752,0.12865211322801387,0.14071576611261657,0.03931980206950408,0.24101400503166354,0.0,0.1454763257343587,0.0
2025-02-10,0.18240992032767578,0.12241206749616752,0.12865211322801387,0.14071576611261657,0.03931980206950408,0.24101400503166354,0.0,0.1454763257343587,0.0
2025-02-11,0.18240992032767578,0.12241206749616752,0.12865211322801387,0.14071576611261657,0.03931980206950408,0.24101400503166354,0.0,0.1454763257343587,0.0
2025-02-12,0.18240992032767578,0.12241206749616752,0.12865211322801387,0.14071576611261657,0.03931980206950408,0.24101400503166354,0.0,0.1454763257343587,0.0
2025-02-13,0.18240992032767578,0.12241206749616752,0.12865211322801387,0.14071576611261657,0.03931980206950408,0.24101400503166354,0.0,0.1454763257343587,0.0
2025-02-14,0.18240992032767578,0.12241206749616752,0.12865211322801387,0.14071576611261657,0.03931980206950408,0.24101400503166354,0.0,0.1454763257343587,0.0
2025-02-18,0.18240992032767578,0.12241206749616752,0.12865211322801387,0.14071576611261657,0.03931980206950408,0.24101400503166354,0.0,0.1454763257343587,0.0
2025-02-19,0.18240992032767578,0.12241206749616752,0.12865211322801387,0.14071576611261657,0.03931980206950408,0.24101400503166354,0.0,0.1454763257343587,0.0
2025-02-20,0.18240992032767578,0.12241206749616752,0.12865211322801387,0.14071576611261657,0.03931980206950408,0.24101400503166354,0.0,0.1454763257343587,0.0
2025-02-21,0.18240992032767578,0.12241206749616752,0.12865211322801387,0.14071576611261657,0.03931980206950408,0.24101400503166354,0.0,0.1454763257343587,0.0
2025-02-24,0.18240992032767578,0.12241206749616752,0.12865211322801387,0.14071576611261657,0.03931980206950408,0.24101400503166354,0.0,0.1454763257343587,0.0
2025-02-25,0.18240992032767578,0.12241206749616752,0.12865211322801387,0.14071576611261657,0.03931980206950408,0.24101400503166354,0.0,0.1454763257343587,0.0
2025-02-26,0.18240992032767578,0.12241206749616752,0.12865211322801387,0.14071576611261657,0.03931980206950408,0.24101400503166354,0.0,0.1454763257343587,0.0
2025-02-27,0.18240992032767578,0.12241206749616752,0.12865211322801387,0.14071576611261657,0.03931980206950408,0.24101400503166354,0.0,0.1454763257343587,0.0
2025-02-28,0.18240992032767578,0.12241206749616752,0.12865211322801387,0.14071576611261657,0.03931980206950408,0.24101400503166354,0.0,0.1454763257343587,0.0
2025-03-03,0.19126090164865475,0.15873909835134523,0.0,0.0,0.05959860767418594,0.25,0.0,0.23291113035508973,0.0
2025-03-04,0.19126090164865475,0.15873909835134523,0.0,0.0,0.05959860767418594,0.25,0.0,0.23291113035508973,0.0
2025-03-05,0.19126090164865475,0.15873909835134523,0.0,0.0,0.05959860767418594,0.25,0.0,0.23291113035508973,0.0
2025-03-06,0.19126090164865475,0.15873909835134523,0.0,0.0,0.05959860767418594,0.25,0.0,0.23291113035508973,0.0
2025-03-07,0.19126090164865475,0.15873909835134523,0.0,0.0,0.05959860767418594,0.25,0.0,0.23291113035508973,0.0
2025-03-10,0.19126090164865475,0.15873909835134523,0.0,0.0,0.05959860767418594,0.25,0.0,0.23291113035508973,0.0
2025-03-11,0.19126090164865475,0.15873909835134523,0.0,0.0,0.05959860767418594,0.25,0.0,0.23291113035508973,0.0
2025-03-12,0.19126090164865475,0.15873909835134523,0.0,0.0,0.05959860767418594,0.25,0.0,0.23291113035508973,0.0
2025-03-13,0.19126090164865475,0.15873909835134523,0.0,0.0,0.05959860767418594,0.25,0.0,0.23291113035508973,0.0
2025-03-14,0.19126090164865475,0.15873909835134523,0.0,0.0,0.05959860767418594,0.25,0.0,0.23291113035508973,0.0
2025-03-17,0.19126090164865475,0.15873909835134523,0.0,0.0,0.05959860767418594,0.25,0.0,0.23291113035508973,0.0
2025-03-18,0.19126090164865475,0.15873909835134523,0.0,0.0,0.05959860767418594,0.25,0.0,0.23291113035508973,0.0
2025-03-19,0.19126090164865475,0.15873909835134523,0.0,0.0,0.05959860767418594,0.25,0.0,0.23291113035508973,0.0
2025-03-20,0.19126090164865475,0.15873909835134523,0.0,0.0,0.05959860767418594,0.25,0.0,0.23291113035508973,0.0
2025-03-21,0.19126090164865475,0.15873909835134523,0.0,0.0,0.05959860767418594,0.25,0.0,0.23291113035508973,0.0
2025-03-24,0.19126090164865475,0.15873909835134523,0.0,0.0,0.05959860767418594,0.25,0.0,0.23291113035508973,0.0
2025-03-25,0.19126090164865475,0.15873909835134523,0.0,0.0,0.05959860767418594,0.25,0.0,0.23291113035508973,0.0
2025-03-26,0.19126090164865475,0.15873909835134523,0.0,0.0,0.05959860767418594,0.25,0.0,0.23291113035508973,0.0
2025-03-27,0.19126090164865475,0.15873909835134523,0.0,0.0,0.05959860767418594,0.25,0.0,0.23291113035508973,0.0
2025-03-28,0.19126090164865475,0.15873909835134523,0.0,0.0,0.05959860767418594,0.25,0.0,0.23291113035508973,0.0
2025-03-31,0.19126090164865475,0.15873909835134523,0.0,0.0,0.05959860767418594,0.25,0.0,0.23291113035508973,0.0
2025-04-01,0.21350553430085475,0.13649446569914517,0.11808449266693301,0.12744052851698884,0.04204433819074357,0.22480001467036037,0.0,0.12015254855583903,0.0
2025-04-02,0.21350553430085475,0.13649446569914517,0.11808449266693301,0.12744052851698884,0.04204433819074357,0.22480001467036037,0.0,0.12015254855583903,0.0
2025-04-03,0.21350553430085475,0.13649446569914517,0.11808449266693301,0.12744052851698884,0.04204433819074357,0.22480001467036037,0.0,0.12015254855583903,0.0
2025-04-04,0.21350553430085475,0.13649446569914517,0.11808449266693301,0.12744052851698884,0.04204433819074357,0.22480001467036037,0.0,0.12015254855583903,0.0
2025-04-07,0.21350553430085475,0.13649446569914517,0.11808449266693301,0.12744052851698884,0.04204433819074357,0.22480001467036037,0.0,0.12015254855583903,0.0
2025-04-08,0.21350553430085475,0.13649446569914517,0.11808449266693301,0.12744052851698884,0.04204433819074357,0.22480001467036037,0.0,0.12015254855583903,0.0
2025-04-09,0.21350553430085475,0.13649446569914517,0.11808449266693301,0.12744052851698884,0.04204433819074357,0.22480001467036037,0.0,0.12015254855583903,0.0
2025-04-10,0.21350553430085475,0.13649446569914517,0.11808449266693301,0.12744052851698884,0.04204433819074357,0.22480001467036037,0.0,0.12015254855583903,0.0
2025-04-11,0.21350553430085475,0.13649446569914517,0.11808449266693301,0.12744052851698884,0.04204433819074357,0.22480001467036037,0.0,0.12015254855583903,0.0
2025-04-14,0.21350553430085475,0.13649446569914517,0.11808449266693301,0.12744052851698884,0.04204433819074357,0.22480001467036037,0.0,0.12015254855583903,0.0
2025-04-15,0.21350553430085475,0.13649446569914517,0.11808449266693301,0.12744052851698884,0.04204433819074357,0.22480001467036037,0.0,0.12015254855583903,0.0
2025-04-16,0.15043373211714242,0.1378619890783425,0.0,0.0,0.0841971675008696,0.2059255151396321,0.0,0.1389375375261212,0.0
2025-04-17,0.15043373211714242,0.1378619890783425,0.0,0.0,0.0841971675008696,0.2059255151396321,0.0,0.1389375375261212,0.0
2025-04-21,0.15043373211714242,0.1378619890783425,0.0,0.0,0.0841971675008696,0.2059255151396321,0.0,0.1389375375261212,0.0
2025-04-22,0.15043373211714242,0.1378619890783425,0.0,0.0,0.0841971675008696,0.2059255151396321,0.0,0.1389375375261212,0.0
2025-04-23,0.15043373211714242,0.1378619890783425,0.0,0.0,0.0841971675008696,0.2059255151396321,0.0,0.1389375375261212,0.0
2025-04-24,0.15043373211714242,0.1378619890783425,0.0,0.0,0.0841971675008696,0.2059255151396321,0.0,0.1389375375261212,0.0
2025-04-25,0.15043373211714242,0.1378619890783425,0.0,0.0,0.0841971675008696,0.2059255151396321,0.0,0.1389375375261212,0.0
2025-04-28,0.15043373211714242,0.1378619890783425,0.0,0.0,0.0841971675008696,0.2059255151396321,0.0,0.1389375375261212,0.0
2025-04-29,0.15043373211714242,0.1378619890783425,0.0,0.0,0.0841971675008696,0.2059255151396321,0.0,0.1389375375261212,0.0
2025-04-30,0.15043373211714242,0.1378619890783425,0.0,0.0,0.0841971675008696,0.2059255151396321,0.0,0.1389375375261212,0.0
2025-05-01,0.15451073846383725,0.0,0.0,0.0,0.15451073846383725,0.15451073846383725,0.0,0.15451073846383725,0.0
2025-05-02,0.15451073846383725,0.0,0.0,0.0,0.15451073846383725,0.15451073846383725,0.0,0.15451073846383725,0.0
2025-05-05,0.15451073846383725,0.0,0.0,0.0,0.15451073846383725,0.15451073846383725,0.0,0.15451073846383725,0.0
2025-05-06,0.15451073846383725,0.0,0.0,0.0,0.15451073846383725,0.15451073846383725,0.0,0.15451073846383725,0.0
2025-05-07,0.15451073846383725,0.0,0.0,0.0,0.15451073846383725,0.15451073846383725,0.0,0.15451073846383725,0.0
2025-05-08,0.15451073846383725,0.0,0.0,0.0,0.15451073846383725,0.15451073846383725,0.0,0.15451073846383725,0.0
2025-05-09,0.15451073846383725,0.0,0.0,0.0,0.15451073846383725,0.15451073846383725,0.0,0.15451073846383725,0.0
2025-05-12,0.15451073846383725,0.0,0.0,0.0,0.15451073846383725,0.15451073846383725,0.0,0.15451073846383725,0.0
2025-05-13,0.15451073846383725,0.0,0.0,0.0,0.15451073846383725,0.15451073846383725,0.0,0.15451073846383725,0.0
2025-05-14,0.15451073846383725,0.0,0.0,0.0,0.15451073846383725,0.15451073846383725,0.0,0.15451073846383725,0.0
2025-05-15,0.15451073846383725,0.0,0.0,0.0,0.15451073846383725,0.15451073846383725,0.0,0.15451073846383725,0.0
2025-05-16,0.15451073846383725,0.0,0.0,0.0,0.15451073846383725,0.15451073846383725,0.0,0.15451073846383725,0.0
2025-05-19,0.15451073846383725,0.0,0.0,0.0,0.15451073846383725,0.15451073846383725,0.0,0.15451073846383725,0.0
2025-05-20,0.15451073846383725,0.0,0.0,0.0,0.15451073846383725,0.15451073846383725,0.0,0.15451073846383725,0.0
2025-05-21,0.15451073846383725,0.0,0.0,0.0,0.15451073846383725,0.15451073846383725,0.0,0.15451073846383725,0.0
2025-05-22,0.15451073846383725,0.0,0.0,0.0,0.15451073846383725,0.15451073846383725,0.0,0.15451073846383725,0.0
2025-05-23,0.15451073846383725,0.0,0.0,0.0,0.15451073846383725,0.15451073846383725,0.0,0.15451073846383725,0.0
2025-05-27,0.15451073846383725,0.0,0.0,0.0,0.15451073846383725,0.15451073846383725,0.0,0.15451073846383725,0.0
2025-05-28,0.15451073846383725,0.0,0.0,0.0,0.15451073846383725,0.15451073846383725,0.0,0.15451073846383725,0.0
2025-05-29,0.15451073846383725,0.0,0.0,0.0,0.15451073846383725,0.15451073846383725,0.0,0.15451073846383725,0.0
2025-05-30,0.15451073846383725,0.0,0.0,0.0,0.15451073846383725,0.15451073846383725,0.0,0.15451073846383725,0.0
2025-06-02,0.11375574642536092,0.09827524009525346,0.0,0.0,0.1044226654794748,0.0,0.0,0.1599498914269762,0.11375574642536092
2025-06-03,0.11375574642536092,0.09827524009525346,0.0,0.0,0.1044226654794748,0.0,0.0,0.1599498914269762,0.11375574642536092
2025-06-04,0.11375574642536092,0.09827524009525346,0.0,0.0,0.1044226654794748,0.0,0.0,0.1599498914269762,0.11375574642536092
2025-06-05,0.11375574642536092,0.09827524009525346,0.0,0.0,0.1044226654794748,0.0,0.0,0.1599498914269762,0.11375574642536092
2025-06-06,0.11375574642536092,0.09827524009525346,0.0,0.0,0.1044226654794748,0.0,0.0,0.1599498914269762,0.11375574642536092
2025-06-09,0.11375574642536092,0.09827524009525346,0.0,0.0,0.1044226654794748,0.0,0.0,0.1599498914269762,0.11375574642536092
2025-06-10,0.11375574642536092,0.09827524009525346,0.0,0.0,0.1044226654794748,0.0,0.0,0.1599498914269762,0.11375574642536092
2025-06-11,0.11375574642536092,0.09827524009525346,0.0,0.0,0.1044226654794748,0.0,0.0,0.1599498914269762,0.11375574642536092
2025-06-12,0.11375574642536092,0.09827524009525346,0.0,0.0,0.1044226654794748,0.0,0.0,0.1599498914269762,0.11375574642536092
2025-06-13,0.11375574642536092,0.09827524009525346,0.0,0.0,0.1044226654794748,0.0,0.0,0.1599498914269762,0.11375574642536092
2025-06-16,0.11375574642536092,0.09827524009525346,0.0,0.0,0.1044226654794748,0.0,0.0,0.1599498914269762,0.11375574642536092
2025-06-17,0.11375574642536092,0.09827524009525346,0.0,0.0,0.1044226654794748,0.0,0.0,0.1599498914269762,0.11375574642536092
2025-06-18,0.11375574642536092,0.09827524009525346,0.0,0.0,0.1044226654794748,0.0,0.0,0.1599498914269762,0.11375574642536092
2025-06-20,0.11375574642536092,0.09827524009525346,0.0,0.0,0.1044226654794748,0.0,0.0,0.1599498914269762,0.11375574642536092
2025-06-23,0.11375574642536092,0.09827524009525346,0.0,0.0,0.1044226654794748,0.0,0.0,0.1599498914269762,0.11375574642536092
2025-06-24,0.11375574642536092,0.09827524009525346,0.0,0.0,0.1044226654794748,0.0,0.0,0.1599498914269762,0.11375574642536092
2025-06-25,0.11375574642536092,0.09827524009525346,0.0,0.0,0.1044226654794748,0.0,0.0,0.1599498914269762,0.11375574642536092
2025-06-26,0.11375574642536092,0.09827524009525346,0.0,0.0,0.1044226654794748,0.0,0.0,0.1599498914269762,0.11375574642536092
2025-06-27,0.11375574642536092,0.09827524009525346,0.0,0.0,0.1044226654794748,0.0,0.0,0.1599498914269762,0.11375574642536092
2025-06-30,0.11375574642536092,0.09827524009525346,0.0,0.0,0.1044226654794748,0.0,0.0,0.1599498914269762,0.11375574642536092
2025-07-01,0.11720159463360005,0.10687671306392817,0.1363563420592761,0.0,0.0,0.0,0.0,0.1582149242809434,0.09163259418660095
2025-07-02,0.11720159463360005,0.10687671306392817,0.1363563420592761,0.0,0.0,0.0,0.0,0.1582149242809434,0.09163259418660095
2025-07-03,0.11720159463360005,0.10687671306392817,0.1363563420592761,0.0,0.0,0.0,0.0,0.1582149242809434,0.09163259418660095
2025-07-07,0.11720159463360005,0.10687671306392817,0.1363563420592761,0.0,0.0,0.0,0.0,0.1582149242809434,0.09163259418660095
2025-07-08,0.11720159463360005,0.10687671306392817,0.1363563420592761,0.0,0.0,0.0,0.0,0.1582149242809434,0.09163259418660095
2025-07-09,0.11720159463360005,0.10687671306392817,0.1363563420592761,0.0,0.0,0.0,0.0,0.1582149242809434,0.09163259418660095
2025-07-10,0.11720159463360005,0.10687671306392817,0.1363563420592761,0.0,0.0,0.0,0.0,0.1582149242809434,0.09163259418660095
2025-07-11,0.11720159463360005,0.10687671306392817,0.1363563420592761,0.0,0.0,0.0,0.0,0.1582149242809434,0.09163259418660095
2025-07-14,0.11720159463360005,0.10687671306392817,0.1363563420592761,0.0,0.0,0.0,0.0,0.1582149242809434,0.09163259418660095
2025-07-15,0.11720159463360005,0.10687671306392817,0.1363563420592761,0.0,0.0,0.0,0.0,0.1582149242809434,0.09163259418660095
2025-07-16,0.11720159463360005,0.10687671306392817,0.1363563420592761,0.0,0.0,0.0,0.0,0.1582149242809434,0.09163259418660095
2025-07-17,0.11720159463360005,0.10687671306392817,0.1363563420592761,0.0,0.0,0.0,0.0,0.1582149242809434,0.09163259418660095
2025-07-18,0.11720159463360005,0.10687671306392817,0.1363563420592761,0.0,0.0,0.0,0.0,0.1582149242809434,0.09163259418660095
2025-07-21,0.11720159463360005,0.10687671306392817,0.1363563420592761,0.0,0.0,0.0,0.0,0.1582149242809434,0.09163259418660095
2025-07-22,0.11720159463360005,0.10687671306392817,0.1363563420592761,0.0,0.0,0.0,0.0,0.1582149242809434,0.09163259418660095
2025-07-23,0.11720159463360005,0.10687671306392817,0.1363563420592761,0.0,0.0,0.0,0.0,0.1582149242809434,0.09163259418660095
2025-07-24,0.11720159463360005,0.10687671306392817,0.1363563420592761,0.0,0.0,0.0,0.0,0.1582149242809434,0.09163259418660095
2025-07-25,0.11720159463360005,0.10687671306392817,0.1363563420592761,0.0,0.0,0.0,0.0,0.1582149242809434,0.09163259418660095
2025-07-28,0.11720159463360005,0.10687671306392817,0.1363563420592761,0.0,0.0,0.0,0.0,0.1582149242809434,0.09163259418660095
2025-07-29,0.11720159463360005,0.10687671306392817,0.1363563420592761,0.0,0.0,0.0,0.0,0.1582149242809434,0.09163259418660095
2025-07-30,0.11720159463360005,0.10687671306392817,0.1363563420592761,0.0,0.0,0.0,0.0,0.1582149242809434,0.09163259418660095
2025-07-31,0.11720159463360005,0.10687671306392817,0.1363563420592761,0.0,0.0,0.0,0.0,0.1582149242809434,0.09163259418660095
2025-08-01,0.11666666666666665,0.11666666666666665,0.0,0.0,0.0,0.0,0.25,0.0,0.11666666666666665
2025-08-04,0.11666666666666665,0.11666666666666665,0.0,0.0,0.0,0.0,0.25,0.0,0.11666666666666665
2025-08-05,0.11666666666666665,0.11666666666666665,0.0,0.0,0.0,0.0,0.25,0.0,0.11666666666666665
2025-08-06,0.11666666666666665,0.11666666666666665,0.0,0.0,0.0,0.0,0.25,0.0,0.11666666666666665
2025-08-07,0.11666666666666665,0.11666666666666665,0.0,0.0,0.0,0.0,0.25,0.0,0.11666666666666665
2025-08-08,0.11666666666666665,0.11666666666666665,0.0,0.0,0.0,0.0,0.25,0.0,0.11666666666666665
2025-08-11,0.11666666666666665,0.11666666666666665,0.0,0.0,0.0,0.0,0.25,0.0,0.11666666666666665
2025-08-12,0.11666666666666665,0.11666666666666665,0.0,0.0,0.0,0.0,0.25,0.0,0.11666666666666665
2025-08-13,0.11666666666666665,0.11666666666666665,0.0,0.0,0.0,0.0,0.25,0.0,0.11666666666666665
2025-08-14,0.11666666666666665,0.11666666666666665,0.0,0.0,0.0,0.0,0.25,0.0,0.11666666666666665
2025-08-15,0.11666666666666665,0.11666666666666665,0.0,0.0,0.0,0.0,0.25,0.0,0.11666666666666665
2025-08-18,0.11666666666666665,0.11666666666666665,0.0,0.0,0.0,0.0,0.25,0.0,0.11666666666666665
2025-08-19,0.11666666666666665,0.11666666666666665,0.0,0.0,0.0,0.0,0.25,0.0,0.11666666666666665
2025-08-20,0.11666666666666665,0.11666666666666665,0.0,0.0,0.0,0.0,0.25,0.0,0.11666666666666665
2025-08-21,0.11666666666666665,0.11666666666666665,0.0,0.0,0.0,0.0,0.25,0.0,0.11666666666666665
2025-08-22,0.11666666666666665,0.11666666666666665,0.0,0.0,0.0,0.0,0.25,0.0,0.11666666666666665
2025-08-25,0.11666666666666665,0.11666666666666665,0.0,0.0,0.0,0.0,0.25,0.0,0.11666666666666665
2025-08-26,0.11666666666666665,0.11666666666666665,0.0,0.0,0.0,0.0,0.25,0.0,0.11666666666666665
2025-08-27,0.11666666666666665,0.11666666666666665,0.0,0.0,0.0,0.0,0.25,0.0,0.11666666666666665
2025-08-28,0.11666666666666665,0.11666666666666665,0.0,0.0,0.0,0.0,0.25,0.0,0.11666666666666665
2025-08-29,0.11666666666666665,0.11666666666666665,0.0,0.0,0.0,0.0,0.25,0.0,0.11666666666666665
2025-09-02,0.14501504200866333,0.13119134699784463,0.0,0.14661431815623194,0.0,0.25,0.0,0.0,0.07379361099349203
2025-09-03,0.14501504200866333,0.13119134699784463,0.0,0.14661431815623194,0.0,0.25,0.0,0.0,0.07379361099349203
2025-09-04,0.14501504200866333,0.13119134699784463,0.0,0.14661431815623194,0.0,0.25,0.0,0.0,0.07379361099349203
2025-09-05,0.14501504200866333,0.13119134699784463,0.0,0.14661431815623194,0.0,0.25,0.0,0.0,0.07379361099349203
2025-09-08,0.14501504200866333,0.13119134699784463,0.0,0.14661431815623194,0.0,0.25,0.0,0.0,0.07379361099349203
2025-09-09,0.14501504200866333,0.13119134699784463,0.0,0.14661431815623194,0.0,0.25,0.0,0.0,0.07379361099349203
2025-09-10,0.14501504200866333,0.13119134699784463,0.0,0.14661431815623194,0.0,0.25,0.0,0.0,0.07379361099349203
2025-09-11,0.14501504200866333,0.13119134699784463,0.0,0.14661431815623194,0.0,0.25,0.0,0.0,0.07379361099349203
2025-09-12,0.14501504200866333,0.13119134699784463,0.0,0.14661431815623194,0.0,0.25,0.0,0.0,0.07379361099349203
2025-09-15,0.14501504200866333,0.13119134699784463,0.0,0.14661431815623194,0.0,0.25,0.0,0.0,0.07379361099349203
2025-09-16,0.14501504200866333,0.13119134699784463,0.0,0.14661431815623194,0.0,0.25,0.0,0.0,0.07379361099349203
2025-09-17,0.14501504200866333,0.13119134699784463,0.0,0.14661431815623194,0.0,0.25,0.0,0.0,0.07379361099349203
2025-09-18,0.14501504200866333,0.13119134699784463,0.0,0.14661431815623194,0.0,0.25,0.0,0.0,0.07379361099349203
2025-09-19,0.14501504200866333,0.13119134699784463,0.0,0.14661431815623194,0.0,0.25,0.0,0.0,0.07379361099349203
2025-09-22,0.14501504200866333,0.13119134699784463,0.0,0.14661431815623194,0.0,0.25,0.0,0.0,0.07379361099349203
2025-09-23,0.14501504200866333,0.13119134699784463,0.0,0.14661431815623194,0.0,0.25,0.0,0.0,0.07379361099349203
2025-09-24,0.14501504200866333,0.13119134699784463,0.0,0.14661431815623194,0.0,0.25,0.0,0.0,0.07379361099349203
2025-09-25,0.14501504200866333,0.13119134699784463,0.0,0.14661431815623194,0.0,0.25,0.0,0.0,0.07379361099349203
2025-09-26,0.14501504200866333,0.13119134699784463,0.0,0.14661431815623194,0.0,0.25,0.0,0.0,0.07379361099349203
2025-09-29,0.14501504200866333,0.13119134699784463,0.0,0.14661431815623194,0.0,0.25,0.0,0.0,0.07379361099349203
2025-09-30,0.14501504200866333,0.13119134699784463,0.0,0.14661431815623194,0.0,0.25,0.0,0.0,0.07379361099349203
2025-10-01,0.11666666666666665,0.11666666666666665,0.0,0.0,0.0,0.0,0.25,0.0,0.11666666666666665
2025-10-02,0.11666666666666665,0.11666666666666665,0.0,0.0,0.0,0.0,0.25,0.0,0.11666666666666665
2025-10-03,0.11666666666666665,0.11666666666666665,0.0,0.0,0.0,0.0,0.25,0.0,0.11666666666666665
2025-10-06,0.11666666666666665,0.11666666666666665,0.0,0.0,0.0,0.0,0.25,0.0,0.11666666666666665
2025-10-07,0.11666666666666665,0.11666666666666665,0.0,0.0,0.0,0.0,0.25,0.0,0.11666666666666665
2025-10-08,0.11666666666666665,0.11666666666666665,0.0,0.0,0.0,0.0,0.25,0.0,0.11666666666666665
2025-10-09,0.11666666666666665,0.11666666666666665,0.0,0.0,0.0,0.0,0.25,0.0,0.11666666666666665
2025-10-10,0.11666666666666665,0.11666666666666665,0.0,0.0,0.0,0.0,0.25,0.0,0.11666666666666665
2025-10-13,0.11666666666666665,0.11666666666666665,0.0,0.0,0.0,0.0,0.25,0.0,0.11666666666666665
2025-10-14,0.11666666666666665,0.11666666666666665,0.0,0.0,0.0,0.0,0.25,0.0,0.11666666666666665
2025-10-15,0.11666666666666665,0.11666666666666665,0.0,0.0,0.0,0.0,0.25,0.0,0.11666666666666665
2025-10-16,0.11666666666666665,0.11666666666666665,0.0,0.0,0.0,0.0,0.25,0.0,0.11666666666666665
2025-10-17,0.11666666666666665,0.11666666666666665,0.0,0.0,0.0,0.0,0.25,0.0,0.11666666666666665
2025-10-20,0.11666666666666665,0.11666666666666665,0.0,0.0,0.0,0.0,0.25,0.0,0.11666666666666665
2025-10-21,0.11666666666666665,0.11666666666666665,0.0,0.0,0.0,0.0,0.25,0.0,0.11666666666666665
2025-10-22,0.11666666666666665,0.11666666666666665,0.0,0.0,0.0,0.0,0.25,0.0,0.11666666666666665
2025-10-23,0.11666666666666665,0.11666666666666665,0.0,0.0,0.0,0.0,0.25,0.0,0.11666666666666665
2025-10-24,0.11666666666666665,0.11666666666666665,0.0,0.0,0.0,0.0,0.25,0.0,0.11666666666666665
2025-10-27,0.11666666666666665,0.11666666666666665,0.0,0.0,0.0,0.0,0.25,0.0,0.11666666666666665
2025-10-28,0.11666666666666665,0.11666666666666665,0.0,0.0,0.0,0.0,0.25,0.0,0.11666666666666665
2025-10-29,0.11666666666666665,0.11666666666666665,0.0,0.0,0.0,0.0,0.25,0.0,0.11666666666666665
2025-10-30,0.11666666666666665,0.11666666666666665,0.0,0.0,0.0,0.0,0.25,0.0,0.11666666666666665
2025-10-31,0.11666666666666665,0.11666666666666665,0.0,0.0,0.0,0.0,0.25,0.0,0.11666666666666665
2025-11-03,0.145847251546646,0.10447299724076706,0.0,0.21756239467202346,0.0,0.0,0.25,0.0,0.09967975121258689
2025-11-04,0.145847251546646,0.10447299724076706,0.0,0.21756239467202346,0.0,0.0,0.25,0.0,0.09967975121258689
2025-11-05,0.145847251546646,0.10447299724076706,0.0,0.21756239467202346,0.0,0.0,0.25,0.0,0.09967975121258689
2025-11-06,0.145847251546646,0.10447299724076706,0.0,0.21756239467202346,0.0,0.0,0.25,0.0,0.09967975121258689
2025-11-07,0.145847251546646,0.10447299724076706,0.0,0.21756239467202346,0.0,0.0,0.25,0.0,0.09967975121258689
2025-11-10,0.145847251546646,0.10447299724076706,0.0,0.21756239467202346,0.0,0.0,0.25,0.0,0.09967975121258689
2025-11-11,0.145847251546646,0.10447299724076706,0.0,0.21756239467202346,0.0,0.0,0.25,0.0,0.09967975121258689
2025-11-12,0.145847251546646,0.10447299724076706,0.0,0.21756239467202346,0.0,0.0,0.25,0.0,0.09967975121258689
2025-11-13,0.145847251546646,0.10447299724076706,0.0,0.21756239467202346,0.0,0.0,0.25,0.0,0.09967975121258689
2025-11-14,0.145847251546646,0.10447299724076706,0.0,0.21756239467202346,0.0,0.0,0.25,0.0,0.09967975121258689
2025-11-17,0.145847251546646,0.10447299724076706,0.0,0.21756239467202346,0.0,0.0,0.25,0.0,0.09967975121258689
2025-11-18,0.145847251546646,0.10447299724076706,0.0,0.21756239467202346,0.0,0.0,0.25,0.0,0.09967975121258689
2025-11-19,0.145847251546646,0.10447299724076706,0.0,0.21756239467202346,0.0,0.0,0.25,0.0,0.09967975121258689
2025-11-20,0.145847251546646,0.10447299724076706,0.0,0.21756239467202346,0.0,0.0,0.25,0.0,0.09967975121258689
2025-11-21,0.145847251546646,0.10447299724076706,0.0,0.21756239467202346,0.0,0.0,0.25,0.0,0.09967975121258689
2025-11-24,0.145847251546646,0.10447299724076706,0.0,0.21756239467202346,0.0,0.0,0.25,0.0,0.09967975121258689
2025-11-25,0.145847251546646,0.10447299724076706,0.0,0.21756239467202346,0.0,0.0,0.25,0.0,0.09967975121258689
2025-11-26,0.145847251546646,0.10447299724076706,0.0,0.21756239467202346,0.0,0.0,0.25,0.0,0.09967975121258689
2025-11-28,0.145847251546646,0.10447299724076706,0.0,0.21756239467202346,0.0,0.0,0.25,0.0,0.09967975121258689
2025-12-01,0.15131854681523293,0.09796408043865339,0.0,0.0,0.0,0.0,0.1835779390916497,0.1664220609083503,0.1007173727461136
2025-12-02,0.15131854681523293,0.09796408043865339,0.0,0.0,0.0,0.0,0.1835779390916497,0.1664220609083503,0.1007173727461136
2025-12-03,0.15131854681523293,0.09796408043865339,0.0,0.0,0.0,0.0,0.1835779390916497,0.1664220609083503,0.1007173727461136
2025-12-04,0.15131854681523293,0.09796408043865339,0.0,0.0,0.0,0.0,0.1835779390916497,0.1664220609083503,0.1007173727461136
2025-12-05,0.15131854681523293,0.09796408043865339,0.0,0.0,0.0,0.0,0.1835779390916497,0.1664220609083503,0.1007173727461136
2025-12-08,0.15131854681523293,0.09796408043865339,0.0,0.0,0.0,0.0,0.1835779390916497,0.1664220609083503,0.1007173727461136
2025-12-09,0.15131854681523293,0.09796408043865339,0.0,0.0,0.0,0.0,0.1835779390916497,0.1664220609083503,0.1007173727461136
2025-12-10,0.15131854681523293,0.09796408043865339,0.0,0.0,0.0,0.0,0.1835779390916497,0.1664220609083503,0.1007173727461136
2025-12-11,0.15131854681523293,0.09796408043865339,0.0,0.0,0.0,0.0,0.1835779390916497,0.1664220609083503,0.1007173727461136
2025-12-12,0.15131854681523293,0.09796408043865339,0.0,0.0,0.0,0.0,0.1835779390916497,0.1664220609083503,0.1007173727461136
2025-12-15,0.15131854681523293,0.09796408043865339,0.0,0.0,0.0,0.0,0.1835779390916497,0.1664220609083503,0.1007173727461136
2025-12-16,0.15663493015509625,0.09470747983623874,0.0,0.0,0.0,0.0,0.18557203142798492,0.16442796857201505,0.09865759000866495
2025-12-17,0.15663493015509625,0.09470747983623874,0.0,0.0,0.0,0.0,0.18557203142798492,0.16442796857201505,0.09865759000866495
2025-12-18,0.15663493015509625,0.09470747983623874,0.0,0.0,0.0,0.0,0.18557203142798492,0.16442796857201505,0.09865759000866495
2025-12-19,0.15663493015509625,0.09470747983623874,0.0,0.0,0.0,0.0,0.18557203142798492,0.16442796857201505,0.09865759000866495
2025-12-22,0.15663493015509625,0.09470747983623874,0.0,0.0,0.0,0.0,0.18557203142798492,0.16442796857201505,0.09865759000866495
2025-12-23,0.15663493015509625,0.09470747983623874,0.0,0.0,0.0,0.0,0.18557203142798492,0.16442796857201505,0.09865759000866495
2025-12-24,0.15663493015509625,0.09470747983623874,0.0,0.0,0.0,0.0,0.18557203142798492,0.16442796857201505,0.09865759000866495
2025-12-26,0.15663493015509625,0.09470747983623874,0.0,0.0,0.0,0.0,0.18557203142798492,0.16442796857201505,0.09865759000866495
2025-12-29,0.15663493015509625,0.09470747983623874,0.0,0.0,0.0,0.0,0.18557203142798492,0.16442796857201505,0.09865759000866495
2025-12-30,0.15663493015509625,0.09470747983623874,0.0,0.0,0.0,0.0,0.18557203142798492,0.16442796857201505,0.09865759000866495
2025-12-31,0.15663493015509625,0.09470747983623874,0.0,0.0,0.0,0.0,0.18557203142798492,0.16442796857201505,0.09865759000866495
2026-01-02,0.1509173386161152,0.08105835279812997,0.0,0.0,0.0,0.0,0.15434442426533157,0.15087886371530806,0.07324759656639453
2026-01-05,0.1509173386161152,0.08105835279812997,0.0,0.0,0.0,0.0,0.15434442426533157,0.15087886371530806,0.07324759656639453
2026-01-06,0.1509173386161152,0.08105835279812997,0.0,0.0,0.0,0.0,0.15434442426533157,0.15087886371530806,0.07324759656639453
2026-01-07,0.1509173386161152,0.08105835279812997,0.0,0.0,0.0,0.0,0.15434442426533157,0.15087886371530806,0.07324759656639453
2026-01-08,0.1509173386161152,0.08105835279812997,0.0,0.0,0.0,0.0,0.15434442426533157,0.15087886371530806,0.07324759656639453
2026-01-09,0.1509173386161152,0.08105835279812997,0.0,0.0,0.0,0.0,0.15434442426533157,0.15087886371530806,0.07324759656639453
2026-01-12,0.1509173386161152,0.08105835279812997,0.0,0.0,0.0,0.0,0.15434442426533157,0.15087886371530806,0.07324759656639453
2026-01-13,0.1509173386161152,0.08105835279812997,0.0,0.0,0.0,0.0,0.15434442426533157,0.15087886371530806,0.07324759656639453
2026-01-14,0.1509173386161152,0.08105835279812997,0.0,0.0,0.0,0.0,0.15434442426533157,0.15087886371530806,0.07324759656639453
2026-01-15,0.1509173386161152,0.08105835279812997,0.0,0.0,0.0,0.0,0.15434442426533157,0.15087886371530806,0.07324759656639453
2026-01-16,0.1509173386161152,0.08105835279812997,0.0,0.0,0.0,0.0,0.15434442426533157,0.15087886371530806,0.07324759656639453
2026-01-20,0.1509173386161152,0.08105835279812997,0.0,0.0,0.0,0.0,0.15434442426533157,0.15087886371530806,0.07324759656639453
2026-01-21,0.1509173386161152,0.08105835279812997,0.0,0.0,0.0,0.0,0.15434442426533157,0.15087886371530806,0.07324759656639453
2026-01-22,0.1509173386161152,0.08105835279812997,0.0,0.0,0.0,0.0,0.15434442426533157,0.15087886371530806,0.07324759656639453
2026-01-23,0.1509173386161152,0.08105835279812997,0.0,0.0,0.0,0.0,0.15434442426533157,0.15087886371530806,0.07324759656639453
2026-01-26,0.1509173386161152,0.08105835279812997,0.0,0.0,0.0,0.0,0.15434442426533157,0.15087886371530806,0.07324759656639453
2026-01-27,0.1509173386161152,0.08105835279812997,0.0,0.0,0.0,0.0,0.15434442426533157,0.15087886371530806,0.07324759656639453
2026-01-28,0.1509173386161152,0.08105835279812997,0.0,0.0,0.0,0.0,0.15434442426533157,0.15087886371530806,0.07324759656639453
2026-01-29,0.1509173386161152,0.08105835279812997,0.0,0.0,0.0,0.0,0.15434442426533157,0.15087886371530806,0.07324759656639453
2026-01-30,0.1509173386161152,0.08105835279812997,0.0,0.0,0.0,0.0,0.15434442426533157,0.15087886371530806,0.07324759656639453
2026-02-02,0.10579822229447423,0.04733995093219177,0.0,0.0,0.0,0.0,0.10579822229447423,0.10579822229447423,0.05845827136228246
2026-02-03,0.10579822229447423,0.04733995093219177,0.0,0.0,0.0,0.0,0.10579822229447423,0.10579822229447423,0.05845827136228246
2026-02-04,0.10579822229447423,0.04733995093219177,0.0,0.0,0.0,0.0,0.10579822229447423,0.10579822229447423,0.05845827136228246
2026-02-05,0.10579822229447423,0.04733995093219177,0.0,0.0,0.0,0.0,0.10579822229447423,0.10579822229447423,0.05845827136228246
2026-02-06,0.10579822229447423,0.04733995093219177,0.0,0.0,0.0,0.0,0.10579822229447423,0.10579822229447423,0.05845827136228246
2026-02-09,0.10579822229447423,0.04733995093219177,0.0,0.0,0.0,0.0,0.10579822229447423,0.10579822229447423,0.05845827136228246
2026-02-10,0.10579822229447423,0.04733995093219177,0.0,0.0,0.0,0.0,0.10579822229447423,0.10579822229447423,0.05845827136228246
2026-02-11,0.10579822229447423,0.04733995093219177,0.0,0.0,0.0,0.0,0.10579822229447423,0.10579822229447423,0.05845827136228246
2026-02-12,0.10579822229447423,0.04733995093219177,0.0,0.0,0.0,0.0,0.10579822229447423,0.10579822229447423,0.05845827136228246
2026-02-13,0.10579822229447423,0.04733995093219177,0.0,0.0,0.0,0.0,0.10579822229447423,0.10579822229447423,0.05845827136228246
2026-02-17,0.10579822229447423,0.04733995093219177,0.0,0.0,0.0,0.0,0.10579822229447423,0.10579822229447423,0.05845827136228246
2026-02-18,0.10579822229447423,0.04733995093219177,0.0,0.0,0.0,0.0,0.10579822229447423,0.10579822229447423,0.05845827136228246
2026-02-19,0.10579822229447423,0.04733995093219177,0.0,0.0,0.0,0.0,0.10579822229447423,0.10579822229447423,0.05845827136228246
2026-02-20,0.10579822229447423,0.04733995093219177,0.0,0.0,0.0,0.0,0.10579822229447423,0.10579822229447423,0.05845827136228246
2026-02-23,0.10579822229447423,0.04733995093219177,0.0,0.0,0.0,0.0,0.10579822229447423,0.10579822229447423,0.05845827136228246
2026-02-24,0.10579822229447423,0.04733995093219177,0.0,0.0,0.0,0.0,0.10579822229447423,0.10579822229447423,0.05845827136228246
2026-02-25,0.10579822229447423,0.04733995093219177,0.0,0.0,0.0,0.0,0.10579822229447423,0.10579822229447423,0.05845827136228246
2026-02-26,0.10579822229447423,0.04733995093219177,0.0,0.0,0.0,0.0,0.10579822229447423,0.10579822229447423,0.05845827136228246
2026-02-27,0.10579822229447423,0.04733995093219177,0.0,0.0,0.0,0.0,0.10579822229447423,0.10579822229447423,0.05845827136228246
2026-03-02,0.09240074258338081,0.03958691582249822,0.0,0.0,0.0,0.0,0.09240074258338081,0.09240074258338081,0.05281382676088259
2026-03-03,0.09240074258338081,0.03958691582249822,0.0,0.0,0.0,0.0,0.09240074258338081,0.09240074258338081,0.05281382676088259
2026-03-04,0.09240074258338081,0.03958691582249822,0.0,0.0,0.0,0.0,0.09240074258338081,0.09240074258338081,0.05281382676088259
2026-03-05,0.09240074258338081,0.03958691582249822,0.0,0.0,0.0,0.0,0.09240074258338081,0.09240074258338081,0.05281382676088259
2026-03-06,0.09240074258338081,0.03958691582249822,0.0,0.0,0.0,0.0,0.09240074258338081,0.09240074258338081,0.05281382676088259
2026-03-09,0.09240074258338081,0.03958691582249822,0.0,0.0,0.0,0.0,0.09240074258338081,0.09240074258338081,0.05281382676088259
2026-03-10,0.09240074258338081,0.03958691582249822,0.0,0.0,0.0,0.0,0.09240074258338081,0.09240074258338081,0.05281382676088259
2026-03-11,0.09240074258338081,0.03958691582249822,0.0,0.0,0.0,0.0,0.09240074258338081,0.09240074258338081,0.05281382676088259
2026-03-12,0.09240074258338081,0.03958691582249822,0.0,0.0,0.0,0.0,0.09240074258338081,0.09240074258338081,0.05281382676088259
2026-03-13,0.09240074258338081,0.03958691582249822,0.0,0.0,0.0,0.0,0.09240074258338081,0.09240074258338081,0.05281382676088259
2026-03-16,0.09240074258338081,0.03958691582249822,0.0,0.0,0.0,0.0,0.09240074258338081,0.09240074258338081,0.05281382676088259
2026-03-17,0.09240074258338081,0.03958691582249822,0.0,0.0,0.0,0.0,0.09240074258338081,0.09240074258338081,0.05281382676088259
2026-03-18,0.09240074258338081,0.03958691582249822,0.0,0.0,0.0,0.0,0.09240074258338081,0.09240074258338081,0.05281382676088259
2026-03-19,0.09240074258338081,0.03958691582249822,0.0,0.0,0.0,0.0,0.09240074258338081,0.09240074258338081,0.05281382676088259
2026-03-20,0.09240074258338081,0.03958691582249822,0.0,0.0,0.0,0.0,0.09240074258338081,0.09240074258338081,0.05281382676088259
2026-03-23,0.09240074258338081,0.03958691582249822,0.0,0.0,0.0,0.0,0.09240074258338081,0.09240074258338081,0.05281382676088259
2026-03-24,0.09240074258338081,0.03958691582249822,0.0,0.0,0.0,0.0,0.09240074258338081,0.09240074258338081,0.05281382676088259
2026-03-25,0.09240074258338081,0.03958691582249822,0.0,0.0,0.0,0.0,0.09240074258338081,0.09240074258338081,0.05281382676088259
2026-03-26,0.09240074258338081,0.03958691582249822,0.0,0.0,0.0,0.0,0.09240074258338081,0.09240074258338081,0.05281382676088259
2026-03-27,0.09240074258338081,0.03958691582249822,0.0,0.0,0.0,0.0,0.09240074258338081,0.09240074258338081,0.05281382676088259
2026-03-30,0.09240074258338081,0.03958691582249822,0.0,0.0,0.0,0.0,0.09240074258338081,0.09240074258338081,0.05281382676088259
2026-03-31,0.09240074258338081,0.03958691582249822,0.0,0.0,0.0,0.0,0.09240074258338081,0.09240074258338081,0.05281382676088259
2026-04-01,0.08846446794881854,0.04061129482022751,0.09120668519717275,0.09735257056832226,0.0,0.0,0.0,0.0,0.059483492996448936
2026-04-02,0.08846446794881854,0.04061129482022751,0.09120668519717275,0.09735257056832226,0.0,0.0,0.0,0.0,0.059483492996448936
2026-04-06,0.08846446794881854,0.04061129482022751,0.09120668519717275,0.09735257056832226,0.0,0.0,0.0,0.0,0.059483492996448936
2026-04-07,0.08846446794881854,0.04061129482022751,0.09120668519717275,0.09735257056832226,0.0,0.0,0.0,0.0,0.059483492996448936
2026-04-08,0.08846446794881854,0.04061129482022751,0.09120668519717275,0.09735257056832226,0.0,0.0,0.0,0.0,0.059483492996448936
2026-04-09,0.08846446794881854,0.04061129482022751,0.09120668519717275,0.09735257056832226,0.0,0.0,0.0,0.0,0.059483492996448936
2026-04-10,0.08846446794881854,0.04061129482022751,0.09120668519717275,0.09735257056832226,0.0,0.0,0.0,0.0,0.059483492996448936
2026-04-13,0.08846446794881854,0.04061129482022751,0.09120668519717275,0.09735257056832226,0.0,0.0,0.0,0.0,0.059483492996448936
2026-04-14,0.08846446794881854,0.04061129482022751,0.09120668519717275,0.09735257056832226,0.0,0.0,0.0,0.0,0.059483492996448936
2026-04-15,0.08846446794881854,0.04061129482022751,0.09120668519717275,0.09735257056832226,0.0,0.0,0.0,0.0,0.059483492996448936
